109  00000   1   24.72   13.27  -10.25  -18.38
109  00000   2   22.65   11.51  -10.44  -17.65
109  00000   3   18.25    8.26   -9.09  -15.30
109  00000   4   19.20    7.77   -9.12  -13.90
109  00000   5   19.45    8.43   -9.43  -16.75
109  00000   6   28.02   11.11   -9.49  -18.65
109  00000   7   35.83   11.65   -9.47  -18.65
109  00000   8   35.84   12.42   -7.56  -15.70
109  00000   9   35.20   13.89   -7.24  -14.66
109  00000  10   31.43   13.17   -6.94  -14.37
109  00000  11   25.26   10.78   -5.92  -13.10
109  00000  12   22.50    8.32   -8.38  -13.65
109  41770   1   56.90   15.41   -6.04   -8.30
109  41770   2   22.20    8.34   -6.56   -8.80
109  41770   3   22.20    8.34   -5.42   -8.80
109  41770   4    8.10    4.89   -3.79   -8.80
109  41770   5   12.00    8.94   -5.19  -13.30
109  41770   6   18.60   10.70   -4.90  -13.30
109  41770   7   53.20   11.24   -4.68  -13.30
109  41770   8   53.20   11.24   -4.45   -9.80
109  41770   9   53.20   14.91   -4.04   -9.80
109  41770  10   20.50   14.91   -4.90  -11.10
109  41770  11   20.50   14.92   -4.04  -11.10
109  41770  12   17.30    6.79   -6.04  -11.10
109  39100   1   58.20   15.24   -4.20   -5.20
109  39100   2   18.20    4.94   -4.33   -5.20
109  39100   3   18.20    4.94   -3.28   -5.20
109  39100   4    7.70    4.70   -2.59   -6.00
109  39100   5    9.70    5.18   -2.84   -6.00
109  39100   6    9.70    5.83   -2.39   -5.10
109  39100   7   38.60    9.84   -2.39   -5.10
109  39100   8   38.60    9.84   -4.79   -8.50
109  39100   9   55.00   21.03   -5.22   -8.50
109  39100  10   55.00   17.96   -6.25  -15.70
109  39100  11   55.00   21.06   -4.13  -15.70
109  39100  12   24.30    7.02   -4.18  -15.70
109  42160   1   42.70    7.26  -10.27  -13.00
109  42160   2   10.10    3.65  -10.27  -13.00
109  42160   3   10.10    4.57   -6.61  -12.20
109  42160   4   10.80    5.63   -3.50   -8.90
109  42160   5   10.80    7.20   -5.90  -20.10
109  42160   6   26.70    9.10   -5.90  -20.10
109  42160   7   26.70    9.76   -5.90  -20.10
109  42160   8   26.70    9.76   -5.38   -8.80
109  42160   9   20.90   11.36   -5.17  -12.70
109  42160  10   19.50    3.82   -5.86  -12.70
109  42160  11   19.50    3.87   -4.73  -12.70
109  42160  12   10.40    3.44   -4.93   -7.10
109  39040   1   34.80   17.66   -4.59  -13.10
109  39040   2   16.90    7.20   -4.59  -13.10
109  39040   3   16.90    5.58   -3.41   -4.30
109  39040   4    8.40    5.13   -2.58   -4.80
109  39040   5   16.60    6.77   -4.17   -5.60
109  39040   6   18.00    8.44   -3.27   -5.60
109  39040   7   44.90   10.12   -3.27   -5.60
109  39040   8   44.90   13.83   -4.74   -9.90
109  39040   9   44.90   18.86   -4.74   -9.90
109  39040  10   43.40   16.01   -6.40   -9.90
109  39040  11   43.40   16.88   -5.06   -8.60
109  39040  12   20.90    6.87   -5.06   -8.60
109  41670   1   14.40    8.06   -6.31   -9.90
109  41670   2   14.40    8.06   -6.31   -9.90
109  41670   3   14.40    8.06   -3.73   -5.60
109  41670   4   13.20    7.82   -3.39   -9.80
109  41670   7   50.00   20.20   -1.80   -8.40
109  41670   8   50.00   19.67   -2.23   -8.40
109  41670   9   50.00   15.62   -2.23   -8.00
109  41670  10   39.30   11.22   -2.23   -8.00
109  41670  11   39.30   10.38   -2.36   -7.20
109  41670  12   14.60   10.69   -4.09   -7.20
109  36200   1   13.80    8.55   -5.53  -12.90
109  36200   2   10.70    5.59   -5.53  -12.90
109  36200   3   10.70    5.59   -2.97   -6.40
109  36200   4    8.40    3.81   -3.24   -9.20
109  36200   5    8.40    4.68   -4.12   -9.20
109  36200   6   19.30    8.29   -3.11   -9.20
109  36200   7   19.30    8.29   -2.58   -6.90
109  36200   8   19.30    8.93   -4.89   -9.30
109  36200   9   33.20   13.17   -4.86   -9.30
109  36200  10   33.20   14.14   -5.94   -9.30
109  36200  11   33.20   13.25   -5.56   -8.40
109  36200  12   14.20    1.40   -5.62   -8.40
109  43010   1   32.00   14.56   -7.49  -13.30
109  43010   2   34.40   16.26   -6.20  -10.20
109  43010   3   34.40   13.25   -5.08  -10.20
109  43010   4   34.40   12.67   -3.81   -6.70
109  43010   5   27.60   13.15   -4.68  -18.20
109  43010   6   27.60   16.23   -4.87  -18.20
109  43010   7   21.90   16.51   -4.98  -18.20
109  43010   8   27.00   14.00   -4.81   -6.70
109  43010   9   42.20   14.00   -4.33   -5.90
109  43010  10   42.20   13.13   -3.24   -5.90
109  43010  11   42.20   10.46   -2.84   -4.50
109  43010  12   22.30    2.21   -2.62   -3.20
109  35860   1   13.70    4.46   -4.14   -6.80
109  35860   2   13.70    5.15   -4.14   -6.80
109  35860   3   13.70    5.15   -2.48   -6.80
109  35860   4   13.90    8.99   -2.48   -8.60
109  35860   5   18.40   10.35   -4.88   -8.60
109  35860   6   18.40   12.56   -2.15   -8.20
109  35860   7   18.40   11.48   -1.80   -5.40
109  35860   8   17.50   10.09   -3.52   -7.20
109  35860   9   71.30   13.83   -3.68   -7.20
109  35860  10   71.30   13.83   -5.08   -7.20
109  35860  11   71.30   16.24   -3.04   -5.40
109  35860  12   19.10    5.15   -3.72   -5.60
109  36560   1   16.50    6.61   -6.09  -10.10
109  36560   2   10.60    4.41   -4.58  -10.10
109  36560   3   10.60    4.20   -3.60   -9.30
109  36560   4   19.30    9.49   -3.24   -5.00
109  36560   5   19.80   10.80   -4.08   -8.20
109  36560   6   30.40   13.62   -4.54  -15.20
109  36560   7   30.40   12.05   -4.54  -15.20
109  36560   8   30.40   12.75   -2.52  -15.20
109  36560   9   28.80   17.78   -1.90   -3.20
109  36560  10   28.80   15.28   -5.25   -8.50
109  36560  11   28.80   11.24   -5.27  -10.20
109  36560  12   10.40    4.64   -5.27  -10.20
109  39690   1    8.80    1.25  -12.91  -15.10
109  39690   2    8.80    0.84  -11.77  -15.10
109  39690   3    8.80    1.17   -8.51  -11.10
109  39690   4    5.30    1.40   -7.89  -11.80
109  39690   5   12.30    3.74   -9.57  -19.10
109  39690   6   12.30    4.15   -7.60  -19.10
109  39690   7   13.70    6.32   -6.09  -19.10
109  39690   8   13.70    5.29   -5.66  -12.10
109  39690   9   32.20    8.56   -5.65  -12.90
109  39690  10   32.20    6.74   -6.81  -12.90
109  39690  11   32.20    6.20   -7.98  -12.90
109  39690  12    6.70    4.00   -7.89  -10.20
109  44560   1   19.10    6.92   -8.44  -24.70
109  44560   2    8.50    4.80   -7.53  -15.90
109  44560   3    8.50    4.25   -6.77  -15.90
109  44560   4   31.70    4.68   -5.34   -7.00
109  44560   5   31.70    7.51   -4.11   -7.50
109  44560   6   31.70    8.72   -3.46   -7.50
109  44560   7   16.70    8.50   -3.38   -7.50
109  44560   8   16.70    8.19   -2.42   -9.20
109  44560   9   12.70    8.43   -3.27   -9.20
109  44560  10   12.50    8.01   -3.04   -9.20
109  44560  11   12.50    7.46   -2.83   -9.10
109  44560  12   10.70    5.86   -5.18  -11.70
109  42920   1   24.30    5.98  -14.27  -19.60
109  42920   2   24.30    5.98  -11.38  -18.00
109  42920   3    9.90    5.30  -10.60  -15.20
109  42920   4    8.20    4.60  -10.78  -15.20
109  42920   5    8.20    3.27  -10.86  -20.00
109  42920   6   16.20    8.33   -9.42  -20.00
109  42920   7   16.20    8.94   -9.55  -20.00
109  42920   8   16.20    9.85   -7.24  -11.30
109  42920   9   16.70   10.12   -7.22  -12.10
109  42920  10   16.70    7.93   -6.99  -12.10
109  42920  11   16.70    7.28   -8.74  -12.10
109  42920  12   13.00    7.08  -10.17  -13.20
109  01130   1   10.70    8.31   -2.23   -4.10
109  01130   2   10.70    8.31   -2.23   -3.60
109  01130   3   11.90    7.67   -1.40   -3.60
109  01130   4   11.90    3.86   -1.87   -3.30
109  01130   8   11.70    5.26   -2.96   -8.50
109  01130   9   13.20    6.08   -2.79  -11.10
109  01130  10   13.20    6.08   -4.27  -11.10
109  01130  11   13.20    4.78   -3.65  -11.10
109  01130  12    8.70    3.62   -3.43   -5.10
109  27500   1   13.60    5.21   -3.43   -6.60
109  27500   2    7.30    3.70   -3.14   -6.60
109  27500   3    7.30    3.70   -1.98   -3.60
109  27500   4    6.70    4.10   -1.41   -4.50
109  27500   5    9.80    5.73   -2.28   -4.50
109  27500   6   32.80    7.51   -2.80   -4.90
109  27500   7   43.30   12.70   -2.28   -4.90
109  27500   8   43.30   12.18   -4.38   -8.40
109  27500   9   43.30   13.77   -5.34  -11.00
109  27500  10   14.80   10.07   -7.65  -11.00
109  27500  11   14.80    9.02   -4.99  -11.00
109  27500  12    5.90    1.79   -4.99   -9.20
109  37230   1    9.10    2.31   -9.14  -11.00
109  37230   2    9.10    2.62   -9.10  -11.00
109  37230   3    9.10    3.60   -6.20  -11.00
109  37230   4    9.70    5.82   -3.14  -10.00
109  37230   5    9.70    7.19   -5.53  -16.80
109  37230   6   22.80    9.64   -4.78  -16.80
109  37230   7   22.80   10.22   -4.26  -16.80
109  37230   8   22.80   10.22   -4.30  -10.00
109  37230   9   16.20    9.83   -4.51  -20.00
109  37230  10   16.20    6.47   -5.48  -20.00
109  37230  11   16.20    3.13   -5.49  -20.00
109  37230  12    6.40    2.79   -5.73   -9.80
109  45880   1   11.50    7.95  -10.78  -18.90
109  45880   2   13.40    5.93  -10.66  -17.90
109  45880   3   13.40    5.34   -8.58  -17.90
109  45880   4   20.90    5.10   -7.60  -15.10
109  45880   5   20.90    8.33   -7.45   -9.90
109  45880   6   64.60   17.12   -5.49   -7.80
109  45880   7   64.60   16.38   -5.49   -7.80
109  45880   8   64.60   17.82   -4.42   -5.40
109  45880   9   20.90   15.16   -4.82   -9.90
109  45880  10   20.90   11.43   -4.43   -9.90
109  45880  11   20.90    8.64   -3.83   -9.90
109  45880  12   25.40    5.83   -7.61  -13.60
109  47300   1   18.10    6.90   -3.68  -14.10
109  47300   2   18.10    6.73   -3.43  -10.90
109  47300   3   18.10    5.62   -3.13  -10.90
109  47300   4   17.20    5.62   -1.94   -3.30
109  47300   5   17.20    9.49   -1.90   -5.40
109  47300   6   25.90   13.45   -2.00   -5.40
109  47300   7   54.40   15.24   -3.09  -10.50
109  47300   8   54.40   16.08   -3.32  -10.50
109  47300   9   54.40   12.06   -5.78  -10.50
109  47300  10   22.00   11.47   -3.21   -9.90
109  47300  11   22.00    5.80   -2.04   -9.90
109  47300  12   22.00    7.47   -3.21   -7.90
109  17150   1   10.20    4.50   -2.00   -3.30
109  17150   2   10.20    4.54   -2.00   -3.30
109  17150   3   10.20    3.20   -1.27   -3.30
109  17150   4    7.00    4.55   -1.67   -4.20
109  17150   5    9.90    6.59   -2.70   -4.20
109  17150   6   25.00    9.32   -2.64   -9.10
109  17150   7   25.00   10.68   -2.64   -9.10
109  17150   8   25.00   10.68   -1.54   -9.10
109  17150   9   21.70   11.30   -2.56   -6.70
109  17150  10   17.20   10.50   -3.24   -6.70
109  17150  11   17.20   10.48   -2.74   -6.60
109  17150  12   11.60    4.21   -2.24   -9.10
109  46910   1   30.90   15.35   -6.45  -11.70
109  46910   2   30.90   14.57   -6.45  -11.70
109  46910   3   22.60    8.18   -6.45  -11.70
109  46910   4   29.10   10.94   -2.70   -8.90
109  46910   5   29.10   13.91   -3.92   -6.30
109  46910   6   29.10   18.01   -3.22   -6.30
109  46910   7   25.50   18.01   -4.03   -6.30
109  46910   8   23.60   17.51   -3.28   -5.80
109  46910   9   21.40   16.98   -4.24   -6.10
109  46910  10   21.40   15.64   -3.85   -6.10
109  46910  11   19.90   13.51   -2.85   -6.10
109  46910  12   24.10   14.00   -3.69   -8.90
109  32920   1    3.00    1.28   -8.18  -13.90
109  32920   2    3.00    1.14   -8.59  -13.90
109  32920   3    3.00    1.34   -7.93  -10.00
109  32920   4    7.70    2.48   -9.83  -14.70
109  32920   5   27.90    3.29  -10.68  -22.70
109  32920   6   27.90    9.84  -10.26  -22.70
109  32920   7   27.90    9.84   -9.33  -22.70
109  32920   8   13.70    5.29   -7.54  -12.00
109  32920   9    6.30    3.65   -4.96   -9.50
109  32920  10    6.30    2.88   -4.70   -8.60
109  32920  11    5.50    2.16   -4.64   -8.10
109  32920  12    5.50    1.84   -6.23   -9.00
109  46610   1   23.40   10.37   -8.37  -10.00
109  46610   2   23.40    9.68   -8.37  -10.00
109  46610   3   10.60    6.28   -7.11   -9.30
109  46610   4    9.20    5.53   -6.21  -10.80
109  46610   5   15.80    4.76   -6.21  -10.80
109  46610   6   15.80    7.49   -5.89   -7.00
109  46610   7   15.80    7.69   -6.94  -11.10
109  46610   8   17.70    7.84   -6.79  -11.10
109  46610   9   17.70    9.29   -7.04  -11.10
109  46610  10   17.70    9.29   -3.64  -10.10
109  46610  11   16.20    6.18   -3.50  -10.10
109  46610  12   13.00    8.94   -3.74   -7.00
109  28370   1    9.90    3.09   -3.51   -6.20
109  28370   2    9.90    4.78   -3.43   -6.20
109  28370   3    9.90    4.78   -3.43   -6.20
109  28370   4    9.00    4.40   -3.77  -17.10
109  28370   5    9.00    4.17   -4.34  -19.40
109  28370   6   24.60    8.83   -4.34  -19.40
109  28370   7   24.60    9.39   -2.34  -19.40
109  28370   8   24.60   10.28   -1.86   -2.10
109  02540   1   13.40    3.13   -3.74   -9.00
109  02540   2   13.40    3.51   -3.18   -9.00
109  02540   3   13.40    4.22   -2.28   -4.50
109  02540   4   17.20    3.24   -1.73   -6.80
109  02540   5   17.20    5.48   -4.72   -6.80
109  02540   6   29.60   10.94   -5.63   -9.10
109  02540   7   29.60    8.38   -5.50   -9.10
109  02540   8   29.60    8.13   -2.47   -9.10
109  02540   9   16.70    5.36   -1.44  -17.40
109  02540  10   16.70    6.53   -2.33  -17.40
109  02540  11   10.20    3.31   -2.86  -17.40
109  02540  12   10.20    3.22   -2.86   -7.20
109  31620   1    3.30    0.60   -8.98  -10.80
109  31620   2    5.90    0.64   -9.14  -13.70
109  31620   3    5.90    0.64   -8.87  -13.70
109  31620   4    8.30    0.95  -11.21  -20.20
109  31620   5    8.30    0.97  -13.53  -20.20
109  31620   6   12.30    1.74  -14.04  -20.20
109  31620   7   12.30    2.62  -10.60  -19.40
109  31620   8   12.30    2.94   -7.40  -16.70
109  31620   9    5.00    2.48   -7.28  -12.00
109  31620  10    5.00    1.44   -6.30  -12.40
109  31620  11    5.10    1.45   -5.63  -12.40
109  31620  12    5.10    2.25   -7.89  -12.40
109  48330   1   12.00    8.62   -6.05  -20.30
109  48330   2   11.50    4.58   -6.09  -14.30
109  48330   3   11.50    3.09   -6.09  -14.30
109  48330   4   27.10    4.08   -3.24   -7.70
109  48330   5   41.20    8.54   -3.21   -4.30
109  48330   6   41.20   12.75   -3.59   -4.30
109  48330   7   79.30   14.10   -3.84   -9.80
109  48330   8   79.30   15.24   -3.80   -9.80
109  48330   9   79.30   13.84   -7.28   -9.90
109  48330  10   20.40   11.11   -4.54   -9.90
109  48330  11   13.20    8.14   -3.36   -9.90
109  48330  12   22.90    8.42   -3.04   -5.70
109  28800   1    7.20    2.48   -2.94   -6.30
109  28800   2    7.20    3.78   -2.94   -6.30
109  28800   3    7.20    3.12   -2.94   -6.30
109  28800   4    7.10    4.11   -3.73  -10.30
109  28800   5    7.10    4.17   -6.28  -16.50
109  28800   6   18.30    6.99   -6.47  -16.50
109  28800   7   22.40   10.25   -4.69  -16.50
109  28800   8   22.40   10.96   -2.74   -4.80
109  28800   9   22.40    4.95   -3.20  -25.80
109  28800  10   11.30    3.08   -3.90  -25.80
109  28800  11    5.70    2.86   -3.56  -25.80
109  28800  12    4.10    2.39   -2.92   -6.90
109  18700   1    9.60    4.53   -3.37   -6.10
109  18700   2    9.60    4.87   -2.91   -4.60
109  18700   3    9.60    4.69   -2.53   -4.60
109  18700   4   17.50    4.06   -2.00   -6.90
109  18700   5   17.50    5.68   -5.12  -13.70
109  18700   6   20.80    9.02   -6.84  -13.70
109  18700   7   20.80    8.25   -4.54  -13.70
109  18700   8   34.90   11.41   -1.33   -8.30
109  18700   9   34.90    7.68   -1.13   -4.60
109  18700  10   34.90    8.90   -1.47   -4.60
109  18700  11   17.30    6.04   -2.60   -5.40
109  18700  12   17.30    2.73   -2.60   -9.00
109  02950   1    6.40    4.27   -2.90   -8.90
109  02950   2    6.40    3.63   -3.14   -8.90
109  02950   3    7.10    5.41   -3.03   -3.70
109  02950   4   11.40    5.28   -3.64   -6.70
109  02950   5   11.40    7.60   -3.93   -6.70
109  02950   6   45.40    9.99   -5.44   -6.70
109  02950   7   45.40    6.27   -4.65   -6.60
109  02950   8   45.40    3.69   -3.77   -6.60
109  02950   9    6.80    1.91   -3.25   -7.40
109  02950  10   15.10    4.09   -3.49   -7.40
109  02950  11   15.10    1.73   -3.68   -7.40
109  02950  12   15.10    1.40   -3.50   -5.30
109  04780   1   10.80    4.54   -1.37   -4.70
109  04780   2   10.80    4.54   -1.07   -4.70
109  04780   3   10.80    5.29   -0.90   -4.70
109  04780   4   15.40    5.29   -1.43   -8.70
109  04780   5   15.40    8.18   -5.51  -14.30
109  04780   6   15.40    8.74   -8.36  -14.30
109  04780   7    9.10    6.71   -5.92  -14.30
109  04780   8   24.50    8.53   -1.64   -8.10
109  04780   9   24.50    8.17   -0.88   -5.60
109  04780  10   24.50    8.17   -1.34   -5.60
109  04780  11    7.90    4.98   -1.70   -5.60
109  04780  12    7.00    4.98   -1.79   -7.50
109  50130   1   30.10   16.97   -6.17  -10.00
109  50130   2   30.10   16.96   -6.57  -10.00
109  50130   3   30.10   14.25   -6.43  -10.00
109  50540   1   17.20   13.69   -2.71  -13.30
109  50540   2   17.20   12.77   -4.34  -13.30
109  50540   3   17.20   12.54   -4.34  -13.30
109  50540   4   13.80   11.68   -3.44   -9.80
109  50540   5   28.30   13.63   -2.35   -5.60
109  50540   6   28.30   20.54   -2.42   -5.60
109  50540   7   64.50   23.14   -4.70   -7.20
109  50540   8   64.50   22.08   -4.70   -7.20
109  50540   9   64.50   15.07   -4.74   -8.90
109  50540  10   37.40   13.81   -3.50   -8.90
109  50540  11   17.40   11.86   -2.39   -8.90
109  50540  12   27.20   16.95   -3.13   -6.70
109  50300   1   29.10   16.76   -4.19   -5.90
109  50300   2   22.60   13.53   -4.60   -5.90
109  50300   3   16.70   10.63   -3.64   -4.60
109  50300   4   16.70    9.98   -2.74   -4.60
109  50300   5   18.00    8.87   -3.31   -8.90
109  50300   6   19.70   11.51   -3.82   -8.90
109  50300   7   19.70   11.20   -5.79  -12.70
109  50300   8   21.20   11.64   -5.64  -12.70
109  50300   9   21.20   13.10   -5.73  -12.70
109  50300  10   30.50   14.77   -2.47   -7.30
109  50300  11   30.50   12.38   -1.80   -7.30
109  50300  12   30.90   14.20   -3.46   -6.40
109  49580   1   11.30    4.37  -10.34  -13.10
109  49580   2   12.50    7.50  -11.14  -14.20
109  49580   3   12.50    4.37  -11.65  -14.20
109  49580   4   12.50    4.53  -11.70  -16.90
109  49580   5    8.80    2.10  -12.90  -21.70
109  49580   6    8.80    2.33  -13.42  -22.30
109  49580   7    6.60    2.14  -13.88  -22.30
109  49580   8    6.70    2.20  -13.88  -22.30
109  49580   9   14.70    6.58  -12.65  -19.20
109  49580  10   14.70    7.15   -7.54  -16.80
109  49580  11   14.70    6.95   -6.35  -16.80
109  49580  12   11.90    6.91  -10.26  -19.80
109  25590   1    6.80    1.88   -7.53  -11.40
109  25590   2    4.50    1.04   -9.31  -11.40
109  25590   3    6.00    1.88   -9.31  -11.40
109  25590   4    6.00    1.85   -8.30  -13.90
109  25590   5    6.60    2.77  -10.37  -13.90
109  25590   6   20.00    5.31  -11.30  -19.10
109  25590   7   20.00    7.81  -10.38  -19.10
109  25590   8   20.00    5.85   -7.50  -19.10
109  25590   9   13.90    3.25   -4.47  -13.80
109  25590  10    7.80    2.40   -4.30   -8.20
109  25590  11    7.80    2.71   -3.60   -8.20
109  25590  12    6.60    2.34   -5.89   -9.10
109  24880   1    2.90    1.68   -4.38   -6.40
109  24880   2    2.90    1.63   -4.14   -5.40
109  24880   3    3.40    1.63   -3.69   -5.40
109  24880   4    3.40    0.30   -5.50  -10.30
109  24880   5    8.60    4.16   -7.27  -14.40
109  24880   6    8.80    8.38   -7.59  -14.40
109  24880   7    8.80    8.60   -7.08  -14.40
109  24880   8   13.80    8.60   -5.64   -8.60
109  24880   9   13.80    2.81   -4.73   -8.60
109  24880  10   13.80    2.83   -3.68   -7.80
109  24880  11    7.20    2.59   -3.46   -7.80
109  24880  12    3.00    1.91   -3.03   -8.10
109  51590   1   14.70    5.13   -9.80  -11.30
109  51590   2   14.70    4.74  -10.68  -15.90
109  51590   3    6.00    1.66  -11.11  -15.90
109  51590   4    4.50    1.36  -12.26  -15.90
109  51800   1   21.10    7.27   -8.09  -12.90
109  51800   2   17.60    7.27   -8.58  -12.90
109  51800   3   17.60    7.27   -8.43  -12.90
109  51800   4   17.60    5.39   -8.64  -10.90
109  51800   5    9.10    2.88  -10.17  -13.90
109  51800   6    9.10    5.58  -10.18  -19.00
109  51800   7    8.70    5.58  -11.13  -19.00
109  51800   8    8.70    4.39   -9.76  -19.00
109  51800   9   22.90    6.63   -9.73  -15.50
109  51800  10   22.90    6.63   -7.49  -17.60
109  51800  11   22.90    6.46   -5.26  -17.60
109  51800  12   22.60    5.26   -7.95  -17.60
109  52290   1   48.70   17.62   -4.57  -10.90
109  52290   2   48.70   21.96   -4.80  -10.90
109  52290   3   41.10   19.58   -4.68   -5.60
109  52290   4   41.10   17.13   -4.54   -5.60
109  52290   5   17.60   10.31   -4.54   -8.50
109  52290   6   17.60    8.81   -6.42   -8.50
109  52290   7   35.90   11.17   -8.06  -10.70
109  52290   8   35.90   11.62   -4.94  -10.70
109  52290   9   35.90   15.28   -5.13  -10.70
109  52290  10   19.10   13.25   -3.80   -7.80
109  52290  11   19.10   12.39   -3.80   -7.80
109  52290  12   53.50   17.94   -3.89  -10.80
109  21680   1   12.00    4.20   -1.24   -2.20
109  21680   2   12.00    4.08   -1.03   -4.50
109  21680   3   12.00    4.48   -1.38   -4.50
109  21680   4   26.50    6.29   -1.78   -4.50
109  21680   5   26.50    5.94   -2.90  -12.00
109  21680   6   26.50    9.28   -3.89  -12.00
109  21680   7   15.90    8.18   -4.13  -12.00
109  21680   8   15.90    9.50   -3.89   -8.20
109  21680   9   15.50    5.91   -1.45   -4.60
109  21680  10   15.50    4.54   -1.08   -1.90
109  21680  11    6.20    3.03   -1.70   -2.10
109  21680  12    5.00    3.46   -1.48   -2.70
109  23420   1   10.20    4.20   -3.04   -6.00
109  23420   2    6.10    3.13   -3.39   -6.00
109  23420   3    6.10    2.13   -3.00   -4.10
109  23420   4    8.50    2.10   -4.40   -8.80
109  23420   5    8.50    3.17   -4.74   -8.80
109  23420   6   10.40    8.18   -6.91   -8.80
109  23420   7   10.40    5.17   -6.10   -7.90
109  23420   8   10.60    6.32   -5.42   -7.90
109  23420   9   10.60    2.66   -3.02   -8.30
109  23420  10   10.60    3.79   -2.28   -8.30
109  23420  11    7.10    2.79   -2.49   -8.30
109  23420  12    7.10    3.03   -2.04   -5.50
109  52860   1   25.50   21.83   -4.44   -7.50
109  52860   2   25.50   22.68   -4.50   -7.50
109  52860   3   25.30   21.83   -3.57   -7.50
109  52860   4   25.30   11.26   -2.30   -4.50
109  52860   5   21.00    9.95   -3.39   -5.40
109  52860   6   22.20   11.64   -3.50   -5.40
109  52860   7   22.20   15.11   -4.90   -5.80
109  52860   8   22.20   15.42   -4.52   -5.80
109  52860   9   19.20   16.11   -4.51   -7.70
109  52860  10   21.10   16.11   -3.44   -7.70
109  52860  11   21.10   13.29   -3.06   -7.70
109  52860  12   39.30   20.43   -3.69   -6.50
109  54120   1    0.60    0.00  -13.62  -15.90
109  54120   2    6.10    0.08  -14.03  -15.90
109  54120   3    6.10    0.08  -11.42  -15.80
109  54120   4    6.10    0.00   -9.94  -13.90
109  54120   5    2.10    0.04   -9.82  -15.80
109  54120   6    8.10    2.23  -10.00  -15.80
109  54120   7    8.10    3.74  -10.00  -15.80
109  54120   8    8.10    4.19   -9.38  -15.50
109  54120   9    5.20    1.96   -8.50  -15.90
109  54120  10    4.80    0.44   -8.29  -15.90
109  54120  11    4.80    0.04   -7.43  -15.90
109  54120  12    4.60    0.23  -10.61  -14.40
109  07010   1    8.60    3.34   -1.34   -2.00
109  07010   2    8.60    3.28   -1.18   -5.90
109  07010   3   11.00    3.03   -1.81   -5.90
109  07010   4   19.10    6.51   -2.20   -5.90
109  07010   5   19.10    7.54   -3.67  -12.50
109  07010   6   19.10    9.36   -6.88  -12.50
109  07010   7   23.10    9.30   -6.88  -12.50
109  07010   8   23.10    7.16   -3.94   -9.80
109  07010   9   23.10    5.29   -1.14   -2.40
109  07010  10    9.90    3.50   -1.14   -2.40
109  07010  11    9.90    2.60   -1.39   -2.40
109  07010  12    5.50    2.89   -1.89   -2.50
109  57420   1   20.50   11.39   -6.78  -18.50
109  57420   2   20.50   13.98   -7.00  -10.40
109  57420   3   20.50   12.22   -7.87  -10.40
109  57420   4   16.30    6.28   -6.38   -8.50
109  57420   5    6.70    3.83   -4.28  -10.70
109  57420   6   15.80    6.53   -4.60  -10.70
109  57420   7   15.80    6.53   -4.64  -10.70
109  57420   8   15.80    8.49   -4.64   -7.40
109  57420   9   13.90    7.27   -4.67   -7.70
109  57420  10   13.90    7.27   -5.08  -11.80
109  57420  11    8.30    4.43   -4.64  -11.80
109  57420  12   10.00    7.66   -7.44  -11.80
109  13670   1   10.70    4.58   -3.22   -4.90
109  13670   2   10.70    3.28   -4.24   -4.90
109  13670   3   10.70    3.20   -3.97   -4.70
109  13670   4    9.40    2.45   -4.78  -10.10
109  13670   5    9.40    4.23   -6.31  -10.10
109  13670   6   17.30    8.39   -6.69  -10.10
109  13670   7   17.30    6.00   -6.32   -8.80
109  13670   8   17.30    9.70   -5.12   -8.80
109  13670   9   12.70    2.77   -2.84   -4.70
109  13670  10   12.70    4.60   -3.41   -4.70
109  13670  11    7.90    3.58   -3.42   -4.70
109  13670  12    4.60    3.10   -2.82   -4.10
109  57770   1   11.80    6.59  -10.21  -17.10
109  57770   2    9.50    3.64  -10.17  -13.20
109  57770   3    9.50    3.95  -10.17  -13.20
109  57770   4    8.00    3.46   -8.92  -13.20
109  57770  10   15.90    7.75  -10.49  -12.40
109  57770  11   15.90    4.65   -9.05  -12.40
109  57770  12   16.10    4.15   -8.83  -12.40
109  13420   1    5.50    3.43   -1.64   -2.40
109  13420   2    4.20    3.00   -1.80   -4.10
109  13420   3    4.20    2.71   -2.61   -4.10
109  13420   4   17.00    3.64   -3.78   -4.80
109  13420   5   17.00    3.99   -3.98   -5.20
109  13420   6   25.50    6.12   -5.20   -9.50
109  13420   7   25.50    4.98   -5.60   -9.50
109  13420   8   25.50    4.94   -5.60   -9.50
109  13420   9    6.50    4.73   -2.50   -8.00
109  13420  10    6.50    4.14   -1.93   -3.40
109  13420  11    6.50    1.94   -1.54   -3.40
109  13420  12    5.00    2.99   -1.54   -4.30
109  00700   1    7.70    2.43   -2.13   -3.80
109  00700   2    8.90    6.36   -2.02   -3.80
109  15730   1    1.00    0.10  -12.01  -17.40
109  15730   2    1.00    0.04  -13.21  -17.40
109  15730   3    1.00    0.04  -12.38  -17.20
109  15730   4    0.60    0.00  -12.80  -17.20
109  15730   5    0.60    0.00  -12.22  -16.70
109  15730   6    6.10    0.60  -14.40  -16.70
109  15730   7    7.50    1.20  -14.40  -16.70
109  15730   8    7.50    1.20  -13.27  -21.40
109  15730   9    7.50    0.97  -11.90  -21.40
109  15730  10    5.70    0.58  -11.90  -21.40
109  15730  11    5.70    0.59  -11.90  -14.90
109  15730  12    4.40    0.44  -13.34  -14.90
109  16610   1    3.40    0.28   -7.14   -9.60
109  16610   2    1.50    0.00   -8.67  -11.60
109  16610   3    1.50    0.00   -8.46  -11.60
109  16610   4    7.70    0.88   -9.44  -11.60
109  16610   5    7.70    1.29   -8.54  -10.10
109  16610   6    7.70    2.94  -10.10  -16.10
109  16610   7   19.00    2.02   -9.88  -16.10
109  16610   8   19.00    2.02   -9.88  -16.10
109  16610   9   19.00    0.54   -7.54   -9.70
109  16610  10    2.50    0.38   -6.39   -8.30
109  16610  11    2.50    0.54   -7.06   -9.30
109  16610  12    2.50    0.64   -7.80   -9.70
109  61770   1    4.60    1.03  -13.58  -14.80
109  61770   2   11.40    2.58  -15.01  -19.10
109  61770   3   11.40    0.27  -15.01  -19.10
109  61770   4   11.40    0.00  -15.59  -22.30
109  61770   5    0.00    0.00  -13.90  -22.30
109  61770   6    2.70    0.00  -15.72  -25.80
109  61770   7   25.90    1.25  -15.72  -25.80
109  61770   8   25.90    1.25  -15.85  -25.80
109  61770   9   25.90    0.10  -13.28  -20.10
109  61770  10    0.10    0.00  -13.28  -19.80
109  61770  11    0.20    0.00  -13.29  -15.80
109  61770  12    0.30    0.04  -14.26  -16.80
109  60500   1    4.00    2.47  -12.30  -17.20
109  60500   2    6.50    2.68  -13.96  -18.10
109  60500   3    6.50    2.18  -13.96  -18.10
109  60500   4    6.50    1.11  -14.48  -18.10
109  60500   5    5.00    0.00  -11.65  -16.90
109  60500   6    8.60    1.81  -15.98  -22.30
109  60500   7    8.60    4.72  -15.37  -22.30
109  60500   8   12.10    4.76  -15.37  -22.30
109  60500   9   13.80    5.31  -10.73  -21.00
109  60500  10   13.80    4.98  -10.29  -21.00
109  60500  11    7.30    0.04  -10.31  -12.90
109  60500  12    7.50    3.95  -10.93  -16.10
109  59800   1    6.30    1.60   -9.74  -14.30
109  59800   2    4.00    1.54   -9.74  -13.80
109  59800   3    4.00    2.10   -9.64  -13.80
109  59800   4    6.10    2.93   -7.67  -12.70
109  59800   5    7.50    5.04   -4.58   -5.70
109  59800   6   17.30    6.88   -4.63   -6.10
109  59800   7   17.30    9.90   -4.63   -6.10
109  59800   8   21.80   10.26   -5.00  -13.80
109  59800   9   21.80   10.25   -5.49  -13.80
109  59800  10   17.60    8.27   -5.49  -13.80
109  59800  11   14.50    4.72   -4.84  -10.30
109  59800  12    8.70    3.20   -8.39  -14.20
109  60990   1   15.40    7.98   -7.59  -11.20
109  60990   2   13.70    5.18   -7.25  -11.20
109  60990   3   13.70    4.05   -7.25  -11.20
109  60990   4    7.50    2.40   -5.37   -7.60
109  60990   5    9.10    3.52   -2.63   -3.40
109  60990   6   17.60    5.64   -2.74  -11.70
109  60990   7   17.60    5.64   -2.48  -11.70
109  60990   8   21.30   13.94   -3.14  -11.70
109  60990   9   21.30   13.71   -2.73   -7.90
109  60990  10   16.20   10.16   -3.64   -7.90
109  60990  11   14.00    5.29   -3.05   -8.40
109  60990  12   14.20    8.22   -4.60   -8.40
109  10400   1    8.10    3.49   -2.87   -3.80
109  10400   2    8.10    2.85   -2.55   -4.00
109  63705   1   12.10    3.10   -5.64   -7.60
109  63705   2   12.10    5.42   -6.95  -11.10
109  63705   3   12.10    3.33   -6.95  -11.10
109  63705   4    8.40    1.53   -9.17  -11.70
109  63705   5    1.40    0.17   -8.79  -11.70
109  63705   6    3.50    1.34   -9.66  -11.70
109  63705   7    3.50    2.76   -9.24  -11.10
109  63705   8    4.00    3.23   -8.64  -11.10
109  63705   9    4.50    2.98   -6.38  -10.90
109  63705  10    4.50    2.34   -5.75  -10.90
109  63705  11    6.20    0.30   -4.51  -10.90
109  63705  12    6.20    2.30   -7.66   -8.70
109  66730   1   11.10    3.84   -3.80   -7.50
109  66730   2   10.20    4.79   -4.79   -9.30
109  66730   3    7.60    4.15   -4.79   -9.30
109  66730   4    8.90    2.70   -6.65   -9.30
109  66730   5    8.90    2.75   -6.94   -9.70
109  66730   6    8.90    4.94   -6.94   -9.70
109  66730   7    8.60    4.94   -6.74   -9.70
109  66730   8    8.60    6.46   -5.32   -6.90
109  66730   9    7.30    2.84   -4.63   -9.90
109  66730  10    7.30    2.84   -4.05   -9.90
109  66730  11    3.70    2.08   -3.41   -9.90
109  66730  12    3.70    2.12   -6.11   -9.60
109  64550   1    7.40    4.94   -6.27   -9.70
109  64550   2    6.80    5.40   -7.24   -9.70
109  64550   3    5.70    4.85   -7.24   -9.70
109  64550   4    5.70    3.92   -5.98   -9.20
109  64550   5   10.00    5.36   -5.94   -8.10
109  64550   6   11.10    8.14   -6.22  -16.40
109  64550   7   11.10    6.75   -6.66  -16.40
109  64550   8   11.10    7.03   -5.74  -16.40
109  64550   9   13.20    5.49   -5.83   -7.50
109  64550  10   13.20    5.49   -5.47   -6.80
109  64550  11    3.80    2.64   -5.05  -11.40
109  64550  12    9.80    4.73   -8.38  -11.40
109  68340   1   14.90    4.54   -3.47   -5.70
109  68340   2    9.90    4.27   -3.67   -5.70
109  68340   3    5.20    3.87   -3.58   -4.00
109  68340   4   11.10    4.18   -3.24   -3.90
109  68340   5   13.50    7.10   -3.30   -6.00
109  68340   6   13.50    7.54   -4.49   -6.20
109  68340   7   13.50    7.54   -4.49   -6.20
109  68340   8   12.20    6.22   -3.72   -6.20
109  68340   9    6.50    5.39   -2.13   -7.40
109  68340  10    6.50    5.88   -1.95   -7.40
109  68340  11    7.80    3.16   -2.09   -7.40
109  68340  12   12.40    6.85   -3.50   -8.90
109  65110   1   21.70    7.15   -4.10   -6.60
109  65110   2   11.50    6.73   -4.10   -6.60
109  65110   3   11.50    6.43   -3.81   -5.60
109  65110   4   11.50    5.16   -4.23   -5.60
109  65110   5    8.50    5.84   -4.94   -6.70
109  65110   6    8.50    6.36   -5.04  -14.20
109  65110   7    8.50    6.36   -4.89  -14.20
109  65110   8   17.80    7.94   -4.39  -14.20
109  65110   9   17.80    8.75   -3.78   -6.00
109  65110  10   17.80    8.75   -3.60   -6.00
109  65110  11   17.00    6.95   -2.20   -7.10
109  65110  12   23.00   13.18   -2.33   -7.10
109  69370   1    9.20    5.98   -4.28   -7.70
109  69370   2    9.20    3.98   -5.03   -7.70
109  69370   3    4.30    3.35   -4.49   -6.30
109  69370   4    4.10    2.81   -3.67   -5.20
109  69370   5    9.00    2.35   -3.60   -7.00
109  69370   6    9.00    5.10   -4.58   -7.00
109  69370   7    9.00    5.69   -4.58   -7.00
109  69370   8   11.60    7.23   -4.06   -5.30
109  69370   9   12.50    6.52   -3.24   -4.80
109  69370  10   12.50    5.93   -2.91   -4.80
109  69370  11   13.60    2.89   -1.88   -4.80
109  69370  12   13.60    4.12   -3.54  -10.20
109  69100   1   11.50    5.62   -5.44   -7.60
109  69100   2   11.50    5.88   -5.98   -7.60
109  69100   3    7.50    4.39   -5.20   -7.60
109  69100   4    6.00    4.04   -3.18   -6.40
109  69100   5   10.80    5.08   -3.95   -4.80
109  69100   6   10.80    5.09   -4.19   -6.90
109  69100   7   10.80    6.53   -4.19   -6.90
109  69100   8   10.70    6.74   -3.29   -6.90
109  69100   9   12.60    8.38   -3.33   -7.70
109  69100  10   12.60    8.38   -3.33   -7.70
109  69100  11   21.70    4.35   -1.80   -7.70
109  69100  12   21.70    6.36   -2.98  -13.50
109  65300   1   18.10    7.01   -4.94   -6.40
109  65300   2   18.10    9.18   -5.08   -8.70
109  65300   3   18.10    9.18   -5.08   -8.70
109  65300   4   14.40    6.92   -4.44   -8.70
109  65300   5    4.40    2.19   -1.25   -2.10
109  71550   1   11.50    6.57   -5.01   -7.90
109  71550   2   11.50    7.05   -3.93   -6.60
109  71550   3   11.50    6.57   -3.93   -6.60
109  71550   4   10.30    4.19   -3.34   -5.50
109  71550   5    9.70    4.09   -2.38   -8.70
109  71550   6    9.70    4.84   -3.08   -8.70
109  71550   7    9.70    4.84   -3.08   -8.70
109  71550   8   10.30    7.43   -2.09   -5.40
109  71550   9   25.00    8.04   -2.58   -5.50
109  71550  10   25.00    8.04   -2.58   -5.50
109  71550  11   17.20    6.03   -1.82   -5.50
109  71550  12   17.20    5.99   -2.48  -13.70
109  70150   1    5.90    3.46   -5.80  -12.20
109  70150   2    5.90    4.18   -5.88  -12.20
109  70150   3    6.50    3.89   -6.21  -12.20
109  70150   4    6.50    3.81   -3.61   -7.20
109  70150   5    8.90    6.54   -4.18   -6.50
109  70150   6    8.90    5.98   -3.88   -4.70
109  70150   7   18.00    8.23   -3.88   -4.70
109  70150   8   18.00   10.72   -3.54   -4.10
109  70150   9   18.00   12.44   -3.48   -5.10
109  70150  10   17.00    7.07   -3.48   -5.10
109  70150  11    8.20    5.38   -1.78   -5.10
109  70150  12    8.20    3.84   -4.89   -9.40
109  71850   1    6.90    4.08   -5.64  -14.40
109  71850   2    6.30    5.05   -5.55  -14.40
109  71850   3    6.30    5.05   -5.55  -14.40
109  71850   4    6.30    3.88   -5.14   -6.10
109  71850   5   10.80    3.48   -4.56   -8.50
109  71850   6   10.80    4.59   -3.21   -8.50
109  71850   7   10.80    4.59   -3.21   -8.50
109  71850   8    8.10    4.44   -2.80   -6.70
109  71850   9   11.00    4.60   -5.26   -7.00
109  71850  10   11.00    4.60   -5.26   -7.00
109  71850  11    9.60    3.98   -3.79   -7.00
109  71850  12   20.30    4.73   -4.54   -6.50
109  72060   1   14.80    5.94   -4.41  -11.00
109  72060   2   14.80    6.17   -4.08  -11.00
109  72060   3   18.30    6.17   -5.25  -11.00
109  72060   4   18.30    5.41   -3.51   -5.60
109  72060   5   18.30    6.11   -3.74   -6.80
109  72060   6   13.50    6.71   -3.43   -6.80
109  72060   7   13.50    6.12   -3.43   -6.80
109  72060   8   14.90    7.50   -3.13   -5.80
109  72060   9   14.90    6.72   -3.15   -5.80
109  72060  10   14.90    5.34   -2.54   -5.00
109  72060  11   11.20    5.24   -1.34   -3.90
109  72060  12   11.20    6.93   -3.52   -7.60
109  73500   1   10.50    1.74   -6.74  -12.00
109  73500   2   10.50    2.10   -7.00  -12.00
109  73500   3   10.50    2.10   -7.17  -12.00
109  73500   4    4.80    2.04   -6.15  -10.20
109  73500   5    4.80    1.83   -5.41  -10.20
109  73500   6    6.20    4.46   -5.60   -7.70
109  73500   7    6.20    4.46   -5.60   -7.70
109  73500   8    6.20    5.15   -5.99   -7.70
109  73500   9    4.20    1.57   -5.60   -6.30
109  73500  10    3.20    0.50   -4.47   -5.60
109  73500  11   10.40    2.42   -3.54   -5.60
109  73500  12   10.40    2.84   -5.72  -11.40
109  75410   1    5.70    3.58   -7.72  -12.40
109  75410   2    5.70    3.38   -7.89  -12.40
109  75410   3    5.60    3.24   -7.43   -9.70
109  75410   4    5.60    3.83   -4.93   -7.60
109  75410   5    5.90    4.74   -4.31   -9.00
109  75410   6    5.90    3.92   -4.32   -9.00
109  75410   7    5.90    3.13   -4.32   -9.00
109  75410   8    9.40    5.19   -2.70   -8.20
109  75410   9   14.00    5.38   -4.74   -8.20
109  75410  10   14.00    5.38   -4.74   -8.20
109  75410  11   14.00    3.84   -4.64   -5.90
109  75410  12    6.80    3.68   -5.79   -9.00
109  75600   3    9.40    6.85   -6.40   -9.40
109  75550   1   20.90    6.39   -8.00  -15.40
109  75550   2   20.90    6.35   -8.00  -15.40
109  75550   3    9.00    6.30   -5.55  -15.40
109  75550   4    7.10    5.33   -3.81   -5.30
109  75550   5    7.00    3.79   -3.77  -11.60
109  75550   6    6.90    2.34   -3.08  -11.60
109  75550   7    4.10    2.18   -3.25  -11.60
109  75550   8    5.30    2.94   -2.15   -4.60
109  75550   9   14.30    5.11   -2.70   -4.60
109  75550  10   14.30    4.34   -1.85   -3.50
109  75550  11   14.30    4.30   -1.83   -3.50
109  77550   1   18.70   12.64   -6.70  -10.60
109  77550   2   23.00   12.64   -8.16  -10.60
109  77550   3   23.00    6.45   -7.87  -10.60
109  77550   4   23.00    3.20   -5.98  -10.20
109  77550   5   13.40    3.08   -6.56  -12.60
109  77550   6   13.40    3.09   -6.72  -12.60
109  77550   7   13.40    3.00   -6.72  -12.60
109  77550   8    6.70    5.73   -5.64   -6.70
109  77550   9   32.20    5.94   -4.04   -6.70
109  77550  10   32.20    5.43   -4.90   -6.70
109  77550  11   32.20    5.83   -3.74   -6.60
109  77550  12   20.40    7.52   -6.85  -12.40
109  76450   1   12.10    7.42   -7.76  -24.00
109  76450   2   12.10    7.40   -7.76  -24.00
109  76450   3   14.90    7.40   -3.84  -15.70
109  76450   4   14.90    7.40   -2.48   -5.50
109  76450   5   14.90    5.97   -3.73  -13.00
109  76450   6   10.10    4.99   -3.19  -13.00
109  76450   7    7.90    4.99   -3.19  -13.00
109  76450   8   22.60    7.84   -2.23   -4.90
109  76450   9   22.60    7.74   -2.34   -4.90
109  76450  10   22.60    8.35   -2.53   -4.90
109  76450  11    9.10    4.79   -2.43   -4.10
109  76450  12    9.10    6.36   -2.64   -3.10
109  78800   1    4.60    0.97   -8.97  -17.20
109  78800   2    4.60    2.27   -9.58  -17.20
109  78800   3    4.60    2.27   -8.33  -17.20
109  78800   4    4.50    1.74   -7.21  -13.20
109  78800   5    8.30    1.48   -6.13  -13.20
109  78800   6    8.30    2.52   -7.95  -13.00
109  78800   7    8.30    2.24   -7.95  -13.00
109  78800   8    7.80    2.19   -6.54   -8.50
109  78800   9    7.90    1.93   -5.11   -8.50
109  78800  10    7.90    1.93   -4.84   -8.50
109  78800  11    7.90    0.53   -5.41   -9.60
109  78800  12    6.40    3.00   -8.40  -10.70
109  76850   1   10.00    5.51   -8.10  -22.10
109  76850   2   14.50    4.55   -6.15  -22.10
109  76850   3   14.50    4.07   -4.68  -13.80
109  76850   4   14.50    4.07   -3.03   -5.90
109  76850   5    6.70    3.84   -2.34  -14.50
109  76850   6    3.90    2.11   -2.24  -14.50
109  76850   7    6.90    2.53   -2.13  -14.50
109  76850   8    8.10    6.27   -3.41   -5.10
109  76850   9    8.30    6.67   -3.78   -5.10
109  76850  10    8.30    5.63   -3.78   -5.10
109  76850  11    8.30    2.78   -3.43   -5.30
109  76850  12   16.60    5.63   -3.89   -5.30
109  80101   1   11.00    7.06   -5.62  -18.20
109  80101   2   11.00    7.06   -4.97  -18.20
109  80101   3   11.00    5.64   -4.21  -13.60
109  80101   4    9.00    5.43   -2.68   -4.80
109  80101   5   13.60    6.51   -1.67   -4.20
109  80101   6   24.00    5.72   -1.44   -4.20
109  80101   7   24.00    6.72   -1.53   -4.20
109  80101   8   24.00    7.51   -1.64   -5.50
109  80101   9   13.40    7.38   -2.19   -5.50
109  80101  10   13.40    6.34   -2.71   -5.50
109  80101  11    8.90    4.92   -3.09   -6.30
109  80101  12   11.20    6.33   -3.14   -6.30
109  80610   1   14.00    6.91   -7.10  -19.70
109  80610   2   14.00    6.91   -7.10  -19.70
109  80610   3   14.00    5.04   -3.70   -9.30
109  80610   4    6.40    4.54   -3.25   -5.00
109  80610   5    7.00    4.58   -1.24   -6.70
109  80610   6   11.70    4.70   -1.44   -6.70
109  80610   7   11.70    4.79   -1.44   -6.70
109  80610   8   11.70    5.97   -2.84   -7.50
109  80610   9    7.70    5.37   -3.47   -7.50
109  80610  10    7.70    4.41   -3.47   -7.50
109  80610  11   15.40    4.09   -2.82   -6.10
109  80610  12   15.40   10.35   -2.98   -6.10
109  81680   1    0.60    0.00  -18.21  -21.40
109  81680   2    0.60    0.00  -18.21  -21.40
109  81680   3    0.60    0.00  -16.97  -20.20
109  81680   4    0.10    0.00  -12.57  -16.80
109  81680   5    7.10    0.00  -10.66  -18.20
109  81680   6    7.10    0.10   -8.44  -18.20
109  81680   7    7.10    0.54  -11.98  -18.20
109  81680   8    4.20    0.54  -13.04  -14.30
109  81680   9    0.60    0.00  -13.04  -14.30
109  81680  10    0.60    0.00  -11.15  -13.80
109  81680  11    0.00    0.00  -10.65  -13.40
109  81680  12    0.10    0.00  -12.38  -24.60
109  82290   1    9.40    5.95   -7.60  -13.80
109  82290   2    8.80    6.50   -7.60  -13.80
109  82290   3   10.60    7.41   -6.10   -9.80
109  82290   4   10.60    8.25   -3.83   -6.10
109  82290   5   10.60    9.17   -1.78   -6.10
109  82290   6   25.10    7.94   -3.35   -5.20
109  82290   7   25.10    6.01   -2.87   -5.20
109  82290   8   25.10   10.53   -3.94   -5.30
109  82290   9   14.40    9.78   -2.54   -5.30
109  82290  10   14.40   10.07   -3.23   -5.30
109  82290  11   10.30    5.25   -3.73   -7.40
109  82290  12   22.40    8.49   -4.44   -7.40
109  80950   1   11.20    6.08   -8.79  -22.90
109  80950   2   11.20    5.79   -8.79  -22.90
109  80950   3   10.70    5.33   -3.97   -9.60
109  80950   4   10.70    4.67   -2.60   -3.80
109  80950   5   10.70    5.15   -1.44   -3.40
109  80950   6   15.00    6.74   -1.68   -3.40
109  80950   7   15.00    8.02   -2.49   -3.40
109  80950   8   17.30    8.43   -3.33   -9.00
109  80950   9   17.30    6.53   -3.41   -9.00
109  80950  10   17.30    5.19   -5.75   -9.00
109  83550   1   22.70    8.73   -7.54  -11.70
109  83550   2   22.70    8.73   -7.54  -11.70
109  83550   3   22.70    6.84   -5.23  -11.70
109  83550   4    8.20    6.16   -3.95   -5.10
109  83550   5   24.20    6.84   -2.48   -4.40
109  83550   6   24.20    8.42   -2.34   -3.70
109  83550   7   24.20    7.69   -1.44   -2.50
109  83550   8   31.10    9.91   -3.54   -6.80
109  83550   9   31.10    8.42   -3.54   -6.80
109  83550  10   31.10    8.42   -3.54   -6.80
109  83550  11    4.00    1.43   -2.48   -5.10
109  83550  12   15.30    3.44   -4.19   -5.30
109  85380   1   14.00    9.24  -10.60  -26.60
109  85380   2   14.00    7.72  -10.60  -26.60
109  85380   3   14.00    5.63   -4.69   -9.10
109  85380   4    9.70    4.98   -3.74   -6.80
109  85380   5    9.70    4.54   -3.38   -6.80
109  85380   6   12.80    6.22   -3.19   -6.20
109  85380   7   12.80    5.83   -2.99   -6.20
109  85380   8   14.10    8.26   -5.32  -16.00
109  85380   9   14.10    7.73   -4.47  -16.00
109  85380  10   14.10    8.24   -4.47  -16.00
109  85380  11    8.70    4.74   -2.86   -6.10
109  85380  12    8.70    6.62   -2.73   -3.80
109  84800   1   21.10    4.47   -6.18  -12.20
109  84800   2   21.10    4.43   -8.09  -12.20
109  84800   3    6.40    2.69   -8.09  -12.20
109  84800   4    5.30    1.93   -7.14  -11.20
109  84800   5    2.10    1.71   -5.37   -7.60
109  86780   1   14.30    5.26   -7.64  -15.60
109  86780   2   45.20    6.23   -7.19  -15.60
109  86780   3   45.20    3.63   -6.07   -7.60
109  86780   4   45.20    2.75   -5.34   -6.60
109  86780   5    7.90    1.48   -3.77   -5.80
109  86780   6   18.00    3.10   -2.60   -5.40
109  86780   7   18.00    3.73   -2.42   -5.40
109  86780   8   18.00    4.12   -5.49   -9.90
109  86780   9   16.70    2.15   -5.60   -9.90
109  86780  10    4.60    2.38   -5.60   -9.90
109  86780  11    3.60    2.24   -2.60   -5.60
109  86780  12    4.20    3.39   -2.60   -8.80
109  86500   1   25.00   14.77   -3.57   -7.40
109  86500   2   25.00   18.50   -3.80   -7.40
109  86500   3   25.70   13.21   -3.28   -7.40
109  86500   4   25.70   10.18   -1.90   -5.40
109  86500   5   25.70    6.96   -1.54   -2.70
109  86500   6   18.70    7.73   -2.43   -5.10
109  86500   7   18.70    9.61   -2.02   -5.10
109  86500   8   15.60   11.30   -3.92   -5.10
109  86500   9   13.50   10.38   -3.23   -4.70
109  86500  10   11.80    6.27   -3.23   -4.70
109  86500  11    6.50    3.41   -2.28   -3.50
109  86500  12   19.80    5.74   -2.28   -5.00
109  93900   1    2.30    0.91   -1.73   -3.40
109  93900   2    2.30    1.34   -2.20   -3.40
109  93900   3    3.30    1.48   -2.28   -5.70
109  93900   4    3.30    1.34   -2.28   -5.70
109  93900   5    3.30    0.95   -2.68   -5.70
109  93900   6   15.60    4.82   -5.64   -7.90
109  93900   7   23.20    6.52   -5.64   -7.90
109  93900   8   23.20    5.74   -6.24  -10.30
109  93900   9   23.20    2.74   -2.68  -10.30
109  93900  10    4.20    2.58   -1.00  -10.30
109  93900  11    4.20    1.34   -1.04   -1.80
109  93900  12    2.50    1.19   -1.19   -3.60
109  93700   1    2.70    2.24   -1.54   -3.30
109  93700   2    2.70    2.24   -1.73   -3.30
109  93700   3    2.70    1.85   -2.53   -3.90
109  93700   4    3.70    0.64   -2.48   -3.90
109  93700   5    3.70    1.35   -2.74   -4.10
109  93700   6   34.70    4.63   -6.54   -8.40
109  93700   7   34.70    5.81   -6.54   -8.40
109  93700   8   34.70    6.80   -6.77  -10.70
109  93700   9   23.00    5.44   -1.74  -10.70
109  93700  10    6.80    2.38   -1.50  -10.70
109  93700  11    2.50    1.04   -1.48   -2.00
109  93700  12    3.20    1.14   -1.52   -2.00
109  89350   1    7.40    4.40   -7.77   -9.00
109  89350   2    6.90    3.78   -8.25   -9.00
109  89350   3    5.40    1.79   -8.25   -9.00
109  89350   4    5.40    1.21   -6.98   -8.90
109  89350   5    4.10    1.21   -6.10   -7.30
109  89350   6    5.00    2.55   -4.43  -11.30
109  89350   7    8.10    3.64   -4.80  -11.30
109  89350   8   18.00    4.77   -4.80  -11.30
109  89350   9   18.00    4.08   -4.00   -6.60
109  89350  10   18.00    3.64   -3.47   -4.00
109  89350  11    4.50    1.73   -3.29   -4.00
109  89350  12    7.60    3.89   -3.44   -6.10
109  88200   1   17.30   10.54   -3.48  -11.70
109  88200   2   17.30   10.19   -3.93  -11.70
109  88200   3    9.90    5.62   -3.93   -6.20
109  88200   4    9.90    4.63   -3.28   -5.30
109  88200   5    9.50    3.57   -2.78   -5.30
109  88200   6    9.50    2.84   -2.50   -4.80
109  88200   7   10.20    3.38   -2.55   -4.80
109  88200   8   15.40    4.90   -2.94   -3.70
109  88200   9   15.40    6.04   -2.67   -3.00
109  88200  10   15.40    5.65   -2.15   -3.00
109  88200  11    7.00    3.59   -1.74   -4.60
109  88200  12    7.00    3.08   -1.88   -4.60
109  91300   1   27.80   17.31   -7.71  -10.70
109  91300   2   27.80   13.42   -8.25  -10.70
109  91300   3    8.80    3.61   -8.31  -10.70
109  91300   4    5.00    3.67   -7.51   -8.70
109  91300   5    7.10    3.44   -6.84   -8.10
109  91300   6    7.10    2.20   -6.80  -11.90
109  91300   7    7.10    2.03   -7.94  -13.40
109  91300   8   18.80    8.22   -7.61  -13.40
109  91300   9   18.80    8.22   -7.28  -13.40
109  91300  10   18.80    5.42   -6.93   -7.40
109  91300  11   16.60    1.90   -5.53   -7.40
109  91300  12   16.60    4.42   -4.51   -5.00
109  87110   1   20.50   11.38   -2.94   -7.40
109  87110   2   20.50   12.34   -2.64   -7.40
109  87110   3   15.40    7.30   -2.43   -7.40
109  87110   4   14.00    6.72   -2.14   -2.80
109  87110   5   11.50    4.13   -1.64   -2.30
109  87110   6   10.40    4.93   -1.53   -4.90
109  87110   7   18.30    7.24   -1.34   -4.90
109  87110   8   18.30    9.03   -3.59  -10.20
109  87110   9   18.30    9.29   -2.94  -10.20
109  87110  10   16.90    8.65   -2.94  -10.20
109  87110  11    9.70    5.43   -2.35   -4.20
109  87110  12    6.30    5.30   -2.22   -4.20
109  97350   1    4.80    1.80   -1.30   -5.30
109  97350   2    4.80    2.34   -1.34   -5.30
109  97350   3    4.80    2.01   -1.83   -2.30
109  97350   4    4.80    0.88   -2.58   -5.80
109  97350   5    4.80    1.54   -2.88   -5.80
109  97350   6   11.90    9.15   -5.64  -10.40
109  97350   7   11.90    9.15   -5.25  -10.40
109  97350   8   11.90    9.15   -5.64  -13.70
109  97350   9    5.30    2.63   -2.40  -13.70
109  97350  10    5.30    1.10   -2.20  -13.70
109  97350  11    5.30    0.50   -1.09   -3.90
109  97350  12    2.20    0.70   -1.04   -3.90
109  97250   1    3.60    1.47   -1.34   -5.60
109  97250   2    3.60    1.64   -1.54   -5.60
109  97250   3    3.60    1.14   -1.74   -2.30
109  97250   4    1.70    0.54   -2.80   -4.30
109  97250   5    2.50    0.48   -2.93   -4.50
109  97250   6    9.20    6.00   -4.84  -11.90
109  97250   7    9.20    6.00   -5.34  -11.90
109  97250   8    9.20    6.00   -6.63  -11.90
109  97250   9    6.00    3.62   -2.27  -11.20
109  97250  10    6.00    1.90   -1.98  -11.20
109  97250  11    6.00    1.24   -1.60   -2.50
109  97250  12    3.00    1.20   -1.14   -3.10
109  93300   1    6.10    2.80   -2.68  -10.30
109  93300   2    3.20    2.54   -3.00  -10.30
109  93300   3    2.80    2.09   -2.88   -5.70
109  93300   4    2.50    1.44   -3.34   -6.30
109  93300   5    2.10    1.08   -4.50   -6.30
109  93300   6   25.50    6.53   -5.45   -8.20
109  93300   7   25.50    7.17   -5.24   -8.20
109  93300   8   25.50    7.17   -5.24   -9.40
109  93300   9    6.20    3.35   -3.81   -9.40
109  93300  10    4.80    2.78   -3.43   -9.40
109  93300  11    5.10    1.99   -4.04   -8.10
109  93300  12    5.10    2.83   -3.61   -8.10
109  88690   1   14.10    6.38   -3.27   -8.70
109  88690   2   14.10   10.67   -4.04   -8.70
109  88690   3   14.10    9.54   -4.00   -8.70
109  88690   4   13.60    7.70   -3.59   -7.00
109  88690   5    9.60    4.20   -2.84   -5.40
109  88690   6   13.30    4.20   -1.93   -5.10
109  88690   7   13.30    4.64   -2.54   -5.50
109  88690   8   13.30    5.60   -3.79   -5.90
109  88690   9   14.30    5.31   -3.38   -5.90
109  88690  10   14.30    6.99   -2.94   -5.90
109  88690  11   10.40    4.25   -2.44   -5.20
109  88690  12   10.40    5.09   -3.29   -5.30
109  90450   1   10.10    5.18   -4.01   -9.20
109  90450   2   10.10    5.68   -3.63   -9.20
109  90450   3   10.10    5.18   -4.04   -9.20
109  90450   4    8.80    2.84   -3.44   -6.50
109  90450   5   11.70    3.05   -2.84   -6.50
109  90450   6   11.70    5.65   -2.88   -4.70
109  90450   7   12.90    6.79   -2.97   -4.70
109  90450   8   12.90    6.79   -3.33   -4.70
109  90450   9   12.90    6.67   -2.80   -5.00
109  90450  10   10.80    6.13   -2.60   -5.00
109  90450  11    6.90    5.00   -2.60   -6.90
109  90450  12    9.00    3.79   -3.04   -6.90
109  90490   1    8.30    6.54   -4.04   -8.90
109  90490   2   12.80    7.48   -4.04   -8.90
109  90490   3   12.80    6.19   -4.23   -8.90
109  90490   4   12.80    4.45   -3.44   -6.50
109  90490   5    6.00    3.17   -2.93   -6.50
109  90490   6    6.60    3.17   -2.97   -4.50
109  90490   7    7.70    6.00   -3.45   -4.50
109  90490   8   10.60    6.37   -3.93   -4.50
109  90490   9   10.60    6.45   -3.58   -5.00
109  90490  10   10.60    5.47   -2.74   -5.00
109  90490  11    5.70    4.30   -2.70   -5.00
109  90490  12   12.60    4.30   -2.53   -4.60
109  91760   1   13.70    7.64   -5.61   -6.70
109  91760   2   13.70    5.39   -6.11   -8.20
109  91760   3    8.10    3.45   -6.64   -8.20
109  91760   4    6.90    1.84   -6.68   -8.20
109  91760   5    3.60    0.48   -6.25   -7.00
109  91760   6    3.80    1.72   -6.48   -7.60
109  91760   7   17.30    1.55   -6.48  -16.80
109  91760   8   17.30    5.79   -6.85  -16.80
109  91760   9   17.30    5.79   -5.95  -16.80
109  91760  10   10.50    4.49   -4.65   -7.40
109  91760  11    4.90    3.53   -3.89   -6.70
109  91760  12    5.10    3.18   -4.11   -6.70
109  99370   1    9.00    3.38   -2.57   -3.10
109  99370   2    3.50    2.68   -2.68   -3.10
109  99370   3    3.50    2.74   -1.84   -2.80
109  99370   4    3.30    1.68   -1.94   -2.60
109  99370   5    6.50    1.48   -2.07   -6.80
109  99370   6   24.70    4.88   -3.10   -6.80
109  99370   7   24.70    5.34   -3.80   -6.80
109  99370   8   24.70    4.09   -3.88   -4.70
109  99370   9    4.50    3.80   -3.51   -4.90
109  99370  10    6.10    3.80   -2.73   -4.90
109  99370  11    6.10    3.30   -2.19   -4.90
109  99370  12   15.00    5.83   -1.50   -2.10
109  92350   1   16.90    3.30   -5.68  -10.70
109  92350   2   16.90    3.18   -6.22  -10.70
109  92350   3    7.00    1.98   -6.74  -10.70
109  92350   4    3.70    0.23   -6.48   -8.50
109  92350   5    0.10    0.00   -6.28   -6.70
109  92350   6    5.20    0.70   -6.64  -11.00
109  92350   7    5.20    0.70   -6.92  -11.00
109  92350   8    5.20    2.20   -7.07   -8.20
109  92350   9    4.20    2.20   -7.00   -8.20
109  92350  10    4.20    2.09   -6.78   -8.20
109  92350  11    4.20    0.38   -5.61   -7.80
109  92350  12    2.00    0.40   -4.30   -7.20
109  93140   1    7.30    3.58   -5.88   -8.20
109  93140   2    7.60    4.23   -5.34   -8.20
109  93140   3    7.60    3.64   -5.34   -8.20
109  93140   4    7.60    2.33   -5.28   -6.30
109  93140   5    4.50    0.84   -4.79   -5.80
109  93140   6   24.30    8.34   -5.54   -9.70
109  93140   7   24.30    8.34   -6.71   -9.70
109  93140   8   24.30    9.15   -5.98   -7.60
109  93140   9    8.90    3.90   -5.34   -7.60
109  93140  10    8.90    2.78   -4.38   -5.40
109  93140  11    6.90    2.25   -5.01   -8.30
109  93140  12    5.10    2.03   -3.76   -8.30
109  95350   1    7.50    1.77   -4.13   -8.00
109  95350   2    2.80    1.31   -3.94   -8.00
109  95350   3    2.40    1.37   -3.77   -7.10
109  90800   1   18.10    6.05   -3.54   -5.00
109  90800   2   18.10    7.73   -3.38   -5.00
109  90800   3   18.10    8.94   -3.38   -4.90
109  90800   4   13.10    7.73   -2.94   -4.50
109  90800   5   11.30    2.40   -2.50   -4.50
109  90800   6    7.20    2.64   -2.71   -4.00
109  90800   7   24.50    6.29   -3.55   -8.50
109  90800   8   24.50    6.29   -3.94   -8.50
109  90800   9   24.50    5.88   -3.80   -8.50
109  90800  10    5.80    3.71   -3.57   -4.90
109  90800  11    5.80    2.60   -3.49   -6.40
109  90800  12    4.70    3.00   -4.35   -6.40
109  90900   1   10.00    4.25   -4.18   -5.10
109  90900   2   10.00    4.37   -3.84   -5.10
109  90900   3    8.60    4.08   -3.44   -5.10
109  90900   4    4.40    3.38   -3.20   -4.40
109  90900   5    4.40    3.03   -2.73   -4.40
109  90900   6    5.50    2.63   -2.84   -3.60
109  90900   7   14.70    5.33   -3.31   -9.20
109  90900   8   14.70    5.33   -3.60   -9.20
109  90900   9   14.70    5.33   -3.23   -9.20
109  90900  10    5.80    3.30   -3.00   -7.80
109  90900  11    5.80    3.20   -4.29   -8.10
109  90900  12    5.00    3.70   -4.29   -8.10
109  98550   1   11.40    4.77   -3.24   -3.90
109  98550   2   11.40    4.71   -2.84   -3.90
109  98550   3    9.10    1.98   -1.74   -3.90
109  98550   4    9.10    2.39   -2.01   -3.90
109  98550   5    6.00    1.64   -1.84   -3.70
109  98550   6   11.40    6.13   -2.68   -4.20
109  98550   7   11.40    6.01   -3.04   -4.20
109  98550   8   11.40    6.01   -3.04   -5.30
109  98550   9    8.00    4.18   -3.44   -5.30
109  98550  10   10.70    4.24   -3.23   -5.30
109  98550  11   10.70    5.25   -3.23   -3.90
109  98550  12   10.70    4.54   -3.29   -4.00
109  96800   1    7.40    4.73   -3.04   -6.80
109  96800   2    4.60    2.48   -3.71   -6.80
109  96800   3    4.60    2.48   -3.33   -4.90
109  96800   4    3.40    1.20   -4.04   -4.90
109  96800   5    7.10    1.10   -3.44   -4.90
109  96800   6    9.90    4.97   -4.91  -18.50
109  96800   7    9.90    6.40   -4.97  -18.50
109  96800   8    9.90    6.93   -5.02   -6.20
109  96800   9    7.80    3.16   -3.60   -4.80
109  96800  10    4.10    2.80   -2.99   -3.90
109  96800  11    5.70    3.14   -2.99   -4.40
109  96800  12    5.70    2.36   -2.58   -4.40
109  98400   1    6.90    2.81   -4.33   -5.10
109  98400   2    7.80    2.30   -4.13   -5.10
109  98400   3    7.80    2.85   -2.78   -4.30
109  98400   4    7.80    2.30   -2.78   -4.30
109  98400   5    3.70    1.38   -2.18   -3.30
109  98400   6   13.30    2.60   -4.74  -17.30
109  98400   7   13.30    4.19   -4.74  -17.30
109  98400   8   13.30    5.13   -4.74   -5.60
109  98400   9    9.60    5.24   -3.60   -5.20
109  98400  10    6.30    4.62   -3.54   -5.20
109  98400  11    6.30    3.75   -3.73   -5.40
109  98400  12    4.70    2.74   -4.16   -5.40
109  99950   1    7.30    4.05   -4.14   -6.20
109  99950   2    6.50    3.28   -3.99   -6.20
109  99950   3    7.40    4.61   -3.78   -8.10
109  99950   4    7.40    5.58   -4.43   -8.10
109  99950   5    7.40    5.58   -4.18   -8.10
109  99950   6    5.80    3.73   -0.91   -4.60
109  99950   7    5.40    2.50   -1.09   -3.00
109  99950   8    6.30    2.63   -1.50   -3.00
109  99950   9    8.80    3.74   -1.87   -3.00
109  99950  10    8.80    3.12   -1.92   -2.80
109  99950  11    8.80    3.76   -2.66   -7.50
109  99950  12    5.10    3.38   -2.56   -7.50
109  94700   1   17.60    7.69   -3.08   -3.60
109  94700   2   11.20    4.64   -2.33   -3.20
109  94700   3    5.80    4.08   -2.08   -3.20
109  94700   4    5.80    3.71   -1.90   -2.70
109  94700   5    4.00    2.20   -1.57   -2.70
109  94700   6    8.60    3.15   -2.73   -4.20
109  94700   7    8.60    3.95   -3.03   -4.70
109  94700   8    8.60    5.28   -3.03   -4.80
109  94700   9    6.90    5.91   -3.03   -6.40
109  94700  10    6.90    5.41   -3.03   -6.40
109  94700  11    6.90    5.92   -2.94   -6.40
109  94700  12   12.40    6.72   -2.39   -3.50
109  96400   1    9.00    5.90   -3.45   -6.50
109  96400   2    9.00    4.52   -3.51   -6.50
109  96400   3    5.80    2.53   -2.85   -4.00
109  96400   4    3.60    2.53   -2.85   -4.00
109  96400   5    2.80    1.97   -2.01   -3.50
109  96400   6    4.10    2.28   -3.70  -10.00
109  96400   7    5.60    2.61   -3.70  -10.00
109  96400   8    5.60    2.90   -3.00   -4.10
109  96400   9    9.30    3.55   -2.75   -6.90
109  96400  10    9.30    3.62   -3.26   -6.90
109  96400  11    9.30    5.33   -3.36   -6.90
109  96400  12   26.00    7.43   -3.43   -4.00
109  94500   1    9.90    6.38   -3.57   -5.40
109  94500   2    9.90    5.25   -2.91   -3.90
109  94500   3    9.90    3.60   -2.70   -3.90
109  94500   4    3.60    2.84   -2.60   -3.90
109  94500   5    3.50    1.87   -1.85   -2.60
109  94500   6    9.00    1.13   -2.38   -3.40
109  94500   7    9.00    3.11   -2.88   -4.70
109  94500   8    9.00    4.48   -3.69   -4.70
109  94500   9    5.80    4.18   -4.33   -7.10
109  94500  10    5.10    3.37   -4.27   -7.10
109  94500  11    4.30    2.22   -5.33   -7.10
109  94500  12    3.10    2.13   -4.63   -6.30
109  99710   1    3.40    2.38   -2.60   -5.50
109  99710   2    3.90    2.78   -1.90   -2.60
109  99710   3    5.20    3.07   -1.88   -2.60
109  99710   4    5.20    1.58   -2.33   -4.30
109  99710   5    5.20    1.20   -2.33   -4.30
109  99710   6    7.90    0.97   -2.43   -4.30
109  99710   7    9.70    3.79   -1.89   -6.20
109  99710   8    9.70    4.64   -2.34   -6.20
109  99710   9    9.70    4.64   -2.53   -6.20
109  99710  10    6.20    2.48   -2.30   -2.70
109  99710  11    5.30    1.33   -2.30   -2.90
109  99710  12   14.30    2.12   -1.80   -2.90
109  99720   1    3.80    1.54   -3.80   -8.10
109  99720   2    4.70    2.04   -3.09   -8.10
109  99720   3    4.70    1.74   -3.63   -8.10
109  99720   4    4.70    1.58   -2.83   -7.20
109  99720   5    3.90    1.38   -2.71   -7.20
109  99720   6    2.70    0.87   -1.18   -4.80
109  99720   7    2.70    1.40   -0.50   -4.80
109  99720   8    4.60    1.94   -1.17   -4.80
109  99720   9    4.60    1.40   -1.60   -2.20
109  99720  10    4.60    1.64   -1.64   -2.20
109  99720  11    1.70    0.44   -2.22   -3.70
109  99720  12    1.70    0.60   -2.39   -3.70
109  99840   1    3.20    0.90   -3.54   -8.50
109  99840   2    3.20    0.48   -2.54   -8.50
109  99840   3    2.50    0.28   -2.37   -4.70
109  99840   4    2.50    0.40   -2.20   -3.30
109  99840   5    2.50    0.80   -2.28   -3.30
109  99840   6    2.60    0.88   -1.00   -2.60
109  99840   7    2.90    1.00   -1.78   -3.20
109  99840   8    3.80    2.54   -1.78   -3.20
109  99840   9    3.80    1.98   -1.78   -3.20
109  99840  10   15.10    2.58   -1.28   -2.40
109  99840  11   15.10    1.70   -2.49   -5.60
109  99840  12   15.10    1.70   -2.64   -5.60
109  99910   3    9.40    3.30   -3.28   -5.30
109  99910   4    9.40    3.20   -2.27   -5.30
109  99910   5    9.40    3.20   -2.09   -5.30
109  99910   6   35.80    1.98   -0.80   -1.80
109  99910   7   35.80   12.19   -1.74   -2.70
109  99910   8   35.80   12.19   -1.83   -2.70
109  99910   9   33.10   13.24   -2.04   -2.70
109  99910  10   33.10    9.50   -2.00   -3.20
109  99910  11   33.10   10.14   -2.26   -5.10
109  99910  12   10.20    6.96   -2.18   -5.10
