262  00000   1   33.33   19.47  -45.48  -58.34
262  00000   2   31.59   19.03  -52.96  -63.95
262  00000   3   31.92   20.71  -59.94  -69.09
262  00000   4   31.01   18.73  -63.12  -72.68
262  00000   5   31.42   20.32  -64.11  -73.64
262  00000   6   29.48   21.08  -63.10  -73.46
262  00000   7   32.96   21.17  -59.89  -70.88
262  00000   8   33.87   22.35  -46.04  -58.30
262  00000   9   33.97   23.23  -40.93  -50.13
262  00000  10   34.00   20.96  -40.36  -53.60
262  00000  11   27.81   17.31  -44.42  -57.65
262  00000  12   26.64   14.95  -48.98  -65.13
