    0   1        8.0      8.0      0.0      0.0
    0   2        9.0      9.0      0.0      0.0
    0   3       60.0     60.0      0.0      0.0
    0   4        9.0      9.0      0.0      0.0
    0   6        9.0      9.0     -1.0     -1.0
    0   7        9.0      9.0     -1.0     -1.0
    0   8       90.0     90.0      0.0      0.0
    0   9        4.0      4.0      1.0      1.0
    0  10        7.0      7.0      1.0      1.0
    0  11        5.0      5.0      1.0      1.0
    0  12        9.0      9.0      0.0      0.0
    0  13        9.0      9.0      0.0      0.0 
    0  14        9.0      9.0      0.0      0.0
    0  15        9.0      9.0      0.0      0.0
    0  17        9.0      9.0      0.0      0.0
    0  18        9.0      9.0     -1.0     -1.0
    0  19        9.0      9.0      0.0      0.0
    0  20        9.0      9.0     -1.0     -1.0
    0  21        9.0      9.0      0.0      0.0
    0  22        9.0      9.0      0.0      0.0
    0  23        9.0      9.0      0.0      0.0
    0  24        9.0      9.0      0.0      0.0
    0  25        9.0      9.0      0.0      0.0
    0  26        9.0      9.0      0.0      0.0
    0  27        9.0      9.0      0.0      0.0
    0  28        9.0      9.0      0.0      0.0
    0  31       29.0     29.0      1.0      1.0
    0  32       29.0     29.0      1.0      1.0
    0  33       29.0     29.0      1.0      1.0
    0  34       29.0     29.0      1.0      1.0
    0  35        2.0      2.0      0.0      0.0
    0  36       29.0     29.0      1.0      1.0
    0  37        2.0      2.0      0.0      0.0
    0  38       29.0     29.0      1.0      1.0
    0  39        2.0      2.0      0.0      0.0
    0  40       29.0     29.0      1.0      1.0
    0  41       99.0     99.0      0.0      0.0
    0  42        9.0      9.0      0.0      0.0
    0  43        9.0      9.0      0.0      0.0
    0  44        9.0      9.0      0.0      0.0
    0  45        9.0      9.0      0.0      0.0
    0  46        9.0      9.0      0.0      0.0
    0  47        9.0      9.0      0.0      0.0
    0  48        9.0      9.0      0.0      0.0
    0  49       99.0     99.0      0.0      0.0
    0  50       99.0     99.0      0.0      0.0
    0  51       99.0     99.0      0.0      0.0
    0  54        9.0      9.0      0.0     -1.0
    0  55     2500.0   2500.0     -3.0     -3.0
    0  56    20000.0  10000.0      0.0      0.0
    0  57     5000.0   5000.0      0.0      0.0
    0  61      360.0    360.0     -3.0     -3.0
    0  62      360.0    360.0      0.0      0.0
    0  63      360.0    360.0      0.0      0.0
    0  64      360.0    360.0      0.0      0.0
    0  65      360.0    360.0      0.0      0.0
    0  66      360.0    360.0      0.0      0.0
    0  67      360.0    360.0      0.0      0.0
    0  68      360.0    360.0      0.0      0.0
    0  69      360.0    360.0      0.0      0.0
    0  70      360.0    360.0      0.0      0.0
    0  71      360.0    360.0      0.0      0.0
    0  72      360.0    360.0      0.0      0.0
    0  73      360.0    360.0      0.0      0.0
    0  74      360.0    360.0      0.0      0.0
    0 101       10.0     10.0      0.0      0.0
    0 102       10.0     10.0      0.0      0.0
    0 103       10.0     10.0      0.0      0.0
    0 104      500.0    500.0      0.0      0.0
    0 105        4.0      3.0     -6.0     -6.0
    0 106       40.0     30.0     -1.0     -1.0
    0 107       60.0     50.0     -1.0     -1.0 
    0 108       80.0     60.0     -1.0     -1.0
    0 109      100.0     80.0     -1.0     -1.0 
    0 110      120.0    100.0     -1.0     -1.0
    0 111        5.0      5.0      0.0      0.0 
    0 112      200.0    200.0     -3.0     -3.0
    0 113        5.0      5.0     -1.0     -1.0
    0 114       25.0     25.0     -1.0     -1.0
    0 117      500.0    500.0     -1.0     -1.0
    0 121       60.0     60.0      0.0      0.0 
    0 122     1440.0   1440.0      0.0      0.0 
    0 123       60.0     60.0      0.0      0.0 
    0 124     1440.0   1440.0      0.0      0.0 
    0 125       60.0     60.0      0.0      0.0 
    0 126       60.0     60.0      0.0      0.0
    0 131       50.0     40.0      0.0      0.0
    0 132       50.0     40.0      0.0      0.0
    0 133       50.0     40.0      0.0      0.0
    0 134       50.0     40.0      0.0      0.0
    0 135       50.0     40.0      0.0      0.0
    0 136       50.0     40.0      0.0      0.0
    0 137       40.0     40.0      0.0      0.0
    0 138       20.0     20.0    -20.0    -20.0
    0 151       60.0     60.0      0.0      0.0
    0 152       60.0     60.0      0.0      0.0
    0 153       60.0     60.0      0.0      0.0
    0 154       60.0     60.0      0.0      0.0
    0 155       60.0     60.0      0.0      0.0
    0 156      120.0     60.0      0.0      0.0
    0 157       60.0     60.0      0.0      0.0
    0 158       60.0     60.0      0.0      0.0
    0 159       60.0     60.0      0.0      0.0
    0 160       60.0     60.0      0.0      0.0
    0 198      450.0    450.0      0.0      0.0
    0 199      460.0    460.0      0.0      0.0
    0 200     1600.0   1600.0      0.0     -6.0 
    0 201     1600.0   1600.0      0.0     -6.0
    0 202     1600.0   1600.0      0.0      0.0
    0 228       55.0     55.0    -50.0    -50.0
    0 229       55.0     55.0    -50.0    -50.0
    0 246       55.0     55.0    -50.0    -50.0
    0 250       40.0     30.0      3.0      0.0
    0 261      130.0    130.0      0.0      0.0
    0 262      100.0    100.0      5.0      5.0
    0 263      100.0    100.0      5.0      5.0
    0 264      100.0    100.0      5.0      5.0
    0 265      100.0    100.0      0.0      0.0
    0 270    75001.0  75001.0      0.0      0.0
    0 271    75001.0  75001.0      0.0      0.0
    0 272    75001.0  75001.0      0.0      0.0
    0 273    75001.0  75001.0      0.0      0.0
    0 274    75001.0  75001.0      0.0      0.0
    0 275    75001.0  75001.0      0.0      0.0
    0 301       89.0     89.0      0.0      0.0
    0 302       89.0     89.0      0.0      0.0
    0 303       89.0     89.0      0.0      0.0
    0 304       89.0     89.0      0.0      0.0
    0 305        9.0      9.0      0.0      0.0
    0 306        9.0      9.0      0.0      0.0
    0 307        9.0      9.0      0.0      0.0
    0 308        9.0      9.0      0.0      0.0
    0 401       90.0     90.0    -90.0    -90.0
    0 402      180.0    180.0   -180.0   -180.0
    0 403      360.0    360.0      0.0      0.0
    0 404       20.0     20.0      0.0      0.0
