211	0	4	8.1	5.9	-6.8	-8.9
211	0	5	7.5	5.5	-6.8	-8.8
211	0	6	7.7	5.6	-7.0	-9.1
211	0	7	7.0	5.1	-6.3	-8.2
211	0	8	6.9	5.1	-5.9	-7.7
211	0	9	6.5	4.8	-5.5	-7.1
211	0	10	7.4	5.4	-6.1	-8.1
211	0	11	8.6	6.4	-7.3	-9.6
211	0	12	9.9	7.3	-8.3	-10.9
211	180	4	9.9	7.4	-8.0	-10.6
211	180	5	9.9	7.0	-8.3	-10.8
211	180	6	10.0	7.0	-8.5	-11.0
211	180	7	9.1	6.7	-8.1	-10.6
211	180	8	7.5	5.4	-6.9	-9.0
211	180	9	6.1	4.4	-5.9	-7.6
211	180	10	7.6	5.6	-6.5	-8.5
211	180	11	10.0	7.0	-8.1	-10.8
211	180	12	12.0	9.0	-9.9	-13.0
211	700	4	12.0	9.0	-8.0	-10.9
211	700	5	9.5	7.0	-6.4	-8.7
211	700	6	9.1	7.0	-6.1	-8.3
211	700	7	8.5	6.5	-5.7	-7.8
211	700	8	7.8	5.9	-5.5	-7.2
211	700	9	6.9	5.2	-5.5	-7.0
211	700	10	8.6	6.4	-6.6	-8.7
211	700	11	10.0	7.0	-8.5	-11.0
211	700	12	12.0	9.0	-10.4	-13.0
211	1130	4	5.4	4.0	-5.5	-6.2
211	1130	5	5.9	4.4	-5.5	-6.4
211	1130	6	6.4	4.8	-5.5	-6.6
211	1130	7	6.1	4.6	-5.5	-6.0
211	1130	8	5.9	4.4	-5.5	-6.0
211	1130	9	5.0	4.0	-5.5	-6.0
211	1130	10	5.0	4.0	-5.5	-6.0
211	1130	11	5.0	4.0	-5.5	-6.0
211	1130	12	5.0	4.0	-5.5	-6.0
211	2650	4	8.0	6.0	-6.1	-8.1
211	2650	5	8.3	6.3	-5.8	-7.8
211	2650	6	8.9	6.8	-5.8	-7.9
211	2650	7	9.0	6.9	-5.9	-8.0
211	2650	8	8.9	6.8	-5.9	-8.0
211	2650	9	7.8	5.9	-5.7	-7.7
211	2650	10	7.9	5.9	-5.9	-7.9
211	2650	11	7.1	5.3	-5.8	-7.6
211	2650	12	7.4	5.5	-6.0	-7.9
211	3190	4	5.4	4.0	-5.5	-6.9
211	3190	5	6.1	4.4	-5.9	-7.7
211	3190	6	6.9	5.0	-6.3	-8.2
211	3190	7	5.4	4.0	-5.5	-6.5
211	3190	8	5.0	4.0	-5.5	-6.0
211	3190	9	5.0	4.0	-5.5	-6.0
211	3190	10	5.0	4.0	-5.5	-6.0
211	3190	11	5.0	4.0	-5.5	-6.2
211	3190	12	5.3	4.0	-5.5	-6.2
211	4440	4	7.0	5.2	-5.7	-7.5
211	4440	5	6.8	5.1	-5.5	-6.6
211	4440	6	7.1	5.4	-5.5	-6.7
211	4440	7	6.9	5.3	-5.5	-6.5
211	4440	8	6.7	5.0	-5.5	-6.5
211	4440	9	6.1	4.5	-5.5	-6.5
211	4440	10	6.8	5.1	-5.6	-7.3
211	4440	11	8.4	6.3	-6.6	-8.8
211	4440	12	8.8	6.6	-6.6	-8.8
211	4460	4	7.4	5.4	-6.6	-8.6
211	4460	5	7.7	5.7	-6.4	-8.4
211	4460	6	8.3	6.2	-6.8	-8.9
211	4460	7	7.6	5.6	-6.3	-8.2
211	4460	8	7.0	5.2	-6.0	-7.9
211	4460	9	7.0	5.1	-5.9	-7.8
211	4460	10	8.3	6.2	-6.6	-8.8
211	4460	11	9.6	7.0	-7.3	-9.7
211	4460	12	9.5	7.1	-7.2	-9.6
211	4780	4	5.9	4.5	-5.5	-6.0
211	4780	5	6.0	4.6	-5.5	-6.0
211	4780	6	6.2	4.7	-5.5	-6.0
211	4780	7	6.3	4.8	-5.5	-6.0
211	4780	8	6.7	5.1	-5.5	-6.3
211	4780	9	5.8	4.3	-5.5	-6.0
211	4780	10	6.1	4.5	-5.5	-6.6
211	4780	11	5.9	4.3	-5.5	-6.8
211	4780	12	6.3	4.6	-5.5	-7.0
211	5590	4	5.9	4.3	-5.5	-6.9
211	5590	5	6.3	4.6	-5.5	-6.7
211	5590	6	6.9	5.2	-5.5	-6.9
211	5590	7	5.9	4.3	-5.5	-6.5
211	5590	8	5.6	4.1	-5.5	-6.2
211	5590	9	5.1	4.0	-5.5	-6.0
211	5590	10	5.7	4.1	-5.5	-6.7
211	5590	11	6.2	4.5	-5.7	-7.4
211	5590	12	7.0	5.1	-5.9	-7.8
211	6020	4	5.3	4.0	-5.5	-6.7
211	6020	5	6.2	4.5	-5.5	-7.0
211	6020	6	6.8	5.0	-5.5	-7.2
211	6020	7	6.4	4.8	-5.5	-6.6
211	6020	8	5.9	4.4	-5.5	-6.0
211	6020	9	5.3	4.0	-5.5	-6.0
211	6020	10	6.1	4.5	-5.5	-6.6
211	6020	11	6.1	4.4	-5.5	-7.0
211	6020	12	7.6	5.6	-6.9	-8.9
211	7010	4	9.4	7.1	-7.0	-9.3
211	7010	5	9.8	7.0	-6.9	-9.3
211	7010	6	10.0	7.0	-7.0	-9.5
211	7010	7	9.1	6.8	-6.5	-8.7
211	7010	8	8.2	6.1	-6.1	-8.2
211	7010	9	6.4	4.7	-5.6	-7.3
211	7010	10	7.9	5.8	-6.6	-8.7
211	7010	11	9.1	6.7	-7.9	-10.4
211	7010	12	10.5	7.7	-8.7	-11.5
211	8140	4	8.5	6.2	-7.8	-10.2
211	8140	5	8.2	5.9	-7.5	-9.8
211	8140	6	8.4	6.1	-7.8	-10.1
211	8140	7	7.4	5.3	-7.2	-9.3
211	8140	8	6.9	4.9	-6.8	-8.7
211	8140	9	6.4	4.5	-6.8	-8.7
211	8140	10	7.5	5.3	-7.7	-9.9
211	8140	11	9.6	7.0	-8.5	-11.0
211	8140	12	12.0	9.0	-10.0	-13.0
211	9580	4	9.5	7.0	-8.3	-10.9
211	9580	5	7.7	5.6	-7.0	-9.1
211	9580	6	8.1	5.9	-6.9	-9.0
211	9580	7	8.3	6.1	-7.1	-9.2
211	9580	8	7.9	5.8	-6.9	-9.0
211	9580	9	7.2	5.2	-6.8	-8.8
211	9580	10	8.5	6.2	-7.6	-9.9
211	9580	11	10.0	7.0	-8.5	-11.0
211	9580	12	12.0	9.0	-10.5	-13.0
211	10380	4	9.1	6.7	-7.7	-10.1
211	10380	5	7.1	5.2	-6.5	-8.4
211	10380	6	7.3	5.3	-6.4	-8.3
211	10380	7	7.7	5.7	-6.5	-8.5
211	10380	8	7.7	5.7	-6.5	-8.5
211	10380	9	6.6	4.8	-6.2	-8.1
211	10380	10	8.9	6.5	-7.9	-10.3
211	10380	11	10.0	7.0	-8.5	-11.0
211	10380	12	12.0	9.0	-10.5	-13.0
211	10800	4	6.6	5.0	-5.5	-6.6
211	10800	5	6.1	4.5	-5.5	-6.3
211	10800	6	6.3	4.7	-5.5	-6.4
211	10800	7	6.3	4.7	-5.5	-6.3
211	10800	8	6.0	4.5	-5.5	-6.1
211	10800	9	5.0	4.0	-5.5	-6.0
211	10800	10	5.0	4.0	-5.5	-6.0
211	10800	11	7.5	5.6	-5.9	-7.8
211	10800	12	9.2	6.9	-6.9	-9.2
211	11500	4	5.8	4.3	-5.5	-6.0
211	11500	5	6.3	4.7	-5.5	-6.3
211	11500	6	6.8	5.1	-5.5	-6.4
211	11500	7	6.7	5.2	-5.5	-6.0
211	11500	8	6.6	5.1	-5.5	-6.0
211	11500	9	5.6	4.3	-5.5	-6.0
211	11500	10	6.1	4.6	-5.5	-6.0
211	11500	11	6.9	5.2	-5.5	-7.0
211	11500	12	7.6	5.7	-5.7	-7.6
211	12290	7	7.1	5.3	-5.5	-7.3
211	12290	8	6.8	5.1	-5.5	-7.0
211	12290	9	5.8	4.3	-5.5	-6.3
211	12290	10	6.4	4.7	-5.5	-7.1
211	12290	11	6.6	4.8	-6.0	-7.8
211	12290	12	7.3	5.4	-6.5	-8.4
211	12320	4	5.4	4.0	-5.5	-6.4
211	12320	5	6.4	4.7	-5.6	-7.3
211	12320	6	7.1	5.3	-6.0	-7.8
211	12320	7	7.1	5.4	-5.5	-7.1
211	12320	8	6.8	5.1	-5.5	-6.5
211	12320	9	5.4	4.0	-5.5	-6.0
211	12320	10	5.5	4.0	-5.5	-6.3
211	12320	11	5.9	4.3	-5.7	-7.4
211	12320	12	7.0	5.0	-7.0	-9.0
211	12550	4	6.6	5.0	-5.5	-6.4
211	12550	5	7.1	5.4	-5.5	-6.2
211	12550	6	7.4	5.7	-5.5	-6.0
211	12550	7	6.7	5.1	-5.5	-6.1
211	12550	8	6.6	5.0	-5.5	-6.4
211	12550	9	5.5	4.1	-5.5	-6.2
211	12550	10	6.0	4.4	-5.5	-7.0
211	12550	11	6.7	4.9	-6.0	-7.8
211	12550	12	7.8	5.7	-6.4	-8.4
211	12680	4	5.0	4.0	-5.8	-7.4
211	12680	5	5.1	4.0	-5.9	-7.5
211	12680	6	5.4	4.0	-6.1	-7.8
211	12680	7	5.3	4.0	-6.0	-7.6
211	12680	8	5.3	4.0	-6.0	-7.7
211	12680	9	5.0	4.0	-6.1	-7.7
211	12680	10	5.0	4.0	-7.0	-8.6
211	12680	11	5.4	4.0	-7.2	-9.0
211	12680	12	5.6	4.0	-7.1	-8.9
211	13160	4	10.6	8.4	-5.5	-6.7
211	13160	5	10.0	7.0	-5.5	-6.6
211	13160	6	10.0	7.0	-5.5	-6.0
211	13160	7	9.9	7.0	-5.5	-6.0
211	13160	8	10.0	7.0	-5.5	-6.5
211	13160	9	9.8	7.0	-5.5	-6.6
211	13160	10	10.0	7.0	-7.2	-9.8
211	13160	11	10.0	7.0	-8.5	-11.0
211	13160	12	12.0	9.0	-10.5	-13.0
211	13420	4	7.9	6.1	-5.5	-6.8
211	13420	5	7.4	5.7	-5.5	-6.4
211	13420	6	7.2	5.5	-5.5	-6.1
211	13420	7	6.6	5.0	-5.5	-6.2
211	13420	8	6.3	4.7	-5.5	-6.4
211	13420	9	5.3	4.0	-5.5	-6.1
211	13420	10	5.7	4.1	-5.5	-7.1
211	13420	11	7.7	5.5	-7.8	-10.0
211	13420	12	8.8	6.3	-8.9	-11.5
211	13670	4	6.8	5.1	-5.6	-7.4
211	13670	5	8.6	6.5	-6.1	-8.1
211	13670	6	9.4	7.0	-5.8	-8.0
211	13670	7	9.4	7.0	-6.5	-8.7
211	13670	8	8.8	6.5	-6.9	-9.1
211	13670	9	7.1	5.1	-6.5	-8.4
211	13670	10	6.5	4.6	-6.8	-8.6
211	13670	11	6.4	4.5	-6.9	-8.8
211	13670	12	7.4	5.2	-8.0	-10.2
211	15730	4	5.0	4.0	-8.5	-10.2
211	15730	5	5.0	4.0	-8.5	-10.7
211	15730	6	5.0	4.0	-8.5	-10.6
211	15730	7	5.9	4.0	-8.2	-10.2
211	15730	8	6.0	4.0	-7.7	-9.7
211	15730	9	7.2	4.8	-8.5	-11.0
211	15730	10	7.6	4.9	-8.5	-11.0
211	15730	11	8.0	5.0	-8.5	-11.0
211	15730	12	6.9	4.2	-10.5	-13.0
211	15890	10	6.4	4.2	-8.5	-11.0
211	15890	11	9.5	6.6	-8.5	-11.0
211	15890	12	10.7	7.5	-10.5	-13.0
211	16560	4	5.0	4.0	-7.0	-8.4
211	16560	5	5.0	4.0	-7.0	-8.5
211	16560	6	5.0	4.0	-6.6	-8.1
211	16560	7	5.0	4.0	-6.7	-8.2
211	16560	8	5.0	4.0	-7.0	-8.6
211	16560	9	5.0	4.0	-7.4	-8.9
211	16560	10	5.0	4.0	-8.1	-9.8
211	16560	11	5.0	4.0	-8.5	-10.4
211	16560	12	5.2	4.0	-8.8	-10.8
211	16610	4	5.1	4.0	-5.5	-6.0
211	16610	5	5.3	4.0	-5.5	-6.0
211	16610	6	5.4	4.0	-5.5	-6.0
211	16610	7	5.6	4.1	-5.5	-6.3
211	16610	8	5.2	4.0	-5.5	-6.8
211	16610	9	5.0	4.0	-5.6	-7.0
211	16610	10	5.0	4.0	-6.4	-8.0
211	16610	11	5.9	4.0	-8.5	-11.0
211	16610	12	7.5	4.9	-10.5	-13.0
211	16740	4	5.0	4.0	-6.7	-8.1
211	16740	5	5.0	4.0	-7.0	-8.7
211	16740	6	5.1	4.0	-6.9	-8.6
211	16740	7	5.2	4.0	-7.0	-8.7
211	16740	8	5.0	4.0	-6.9	-8.5
211	16740	9	5.0	4.0	-7.1	-8.7
211	16740	10	5.0	4.0	-7.9	-9.7
211	16740	11	5.0	4.0	-8.5	-10.5
211	16740	12	6.3	4.1	-9.3	-11.6
211	17000	4	5.4	4.0	-5.5	-6.4
211	17000	5	5.7	4.2	-5.5	-6.7
211	17000	6	6.1	4.5	-5.5	-6.8
211	17000	7	5.4	4.0	-5.5	-6.0
211	17000	8	5.1	4.0	-5.5	-6.0
211	17000	9	5.0	4.0	-5.5	-6.0
211	17000	10	5.0	4.0	-5.5	-6.0
211	17000	11	5.5	4.0	-5.5	-6.8
211	17000	12	5.8	4.2	-5.5	-6.8
211	17150	4	5.4	4.0	-5.5	-6.0
211	17150	5	6.0	4.5	-5.5	-6.5
211	17150	6	6.6	4.9	-5.5	-6.8
211	17150	7	6.0	4.5	-5.5	-6.0
211	17150	8	5.6	4.3	-5.5	-6.0
211	17150	9	5.0	4.0	-5.5	-6.0
211	17150	10	5.3	4.1	-5.5	-6.0
211	17150	11	5.7	4.3	-5.5	-6.0
211	17150	12	6.6	5.0	-5.5	-6.0
211	18230	4	5.0	4.0	-5.5	-6.6
211	18230	5	5.0	4.0	-5.5	-6.7
211	18230	7	5.4	4.0	-5.5	-6.2
211	18230	8	5.2	4.0	-5.5	-6.2
211	18230	9	5.0	4.0	-5.5	-6.2
211	18230	10	5.3	4.0	-5.6	-7.2
211	18230	11	5.6	4.0	-6.4	-8.1
211	18230	12	6.2	4.4	-6.6	-8.4
211	18500	4	9.7	7.5	-5.5	-7.6
211	18500	5	9.3	7.0	-5.5	-7.0
211	18500	6	9.8	7.0	-5.5	-7.4
211	18500	7	7.9	6.1	-5.5	-6.3
211	18500	8	7.0	5.4	-5.5	-6.0
211	18500	9	6.0	4.6	-5.5	-6.0
211	18500	10	6.3	4.7	-5.5	-6.3
211	18500	11	7.6	5.7	-5.6	-7.5
211	18500	12	8.0	6.0	-5.9	-7.9
211	18700	4	5.0	4.0	-5.5	-6.5
211	18700	5	5.3	4.0	-5.5	-6.8
211	18700	6	5.6	4.1	-5.5	-6.7
211	18700	7	5.8	4.3	-5.5	-6.2
211	18700	8	5.5	4.1	-5.5	-6.0
211	18700	9	5.2	4.0	-5.5	-6.2
211	18700	10	5.0	4.0	-5.5	-7.0
211	18700	11	5.1	4.0	-6.4	-8.1
211	18700	12	5.1	4.0	-6.5	-8.2
211	18950	4	8.7	6.8	-5.5	-6.0
211	18950	5	10.0	7.0	-5.5	-6.5
211	18950	6	10.0	7.0	-5.5	-6.8
211	18950	7	10.0	7.0	-5.5	-6.0
211	18950	8	10.0	7.0	-5.5	-6.4
211	18950	9	9.3	7.0	-5.5	-6.1
211	18950	10	9.2	7.0	-5.7	-7.8
211	18950	11	9.1	6.8	-7.0	-9.3
211	18950	12	9.6	7.1	-7.9	-10.4
211	19710	4	5.0	4.0	-5.5	-6.0
211	19710	5	5.7	4.2	-5.5	-6.2
211	19710	6	6.4	4.8	-5.5	-6.8
211	19710	7	6.5	5.0	-5.5	-6.0
211	19710	8	6.0	4.6	-5.5	-6.0
211	19710	9	5.5	4.2	-5.5	-6.0
211	19710	10	5.7	4.1	-5.5	-6.7
211	19710	11	5.5	4.0	-5.8	-7.4
211	19710	12	5.6	4.0	-6.0	-7.6
211	20301	4	5.4	4.0	-5.9	-7.5
211	20301	5	5.6	4.0	-5.5	-6.9
211	20301	6	5.9	4.3	-5.5	-7.1
211	20301	7	5.8	4.2	-5.8	-7.4
211	20301	8	5.7	4.0	-5.7	-7.3
211	20301	9	5.0	4.0	-5.7	-7.2
211	20301	10	5.4	4.0	-6.6	-8.3
211	20301	11	6.0	4.0	-8.2	-10.2
211	20301	12	9.6	6.5	-10.5	-13.0
211	21680	4	6.2	4.6	-5.5	-6.6
211	21680	5	6.5	4.9	-5.5	-6.4
211	21680	6	7.1	5.4	-5.5	-6.6
211	21680	7	6.9	5.2	-5.5	-6.7
211	21680	8	6.4	4.8	-5.5	-6.3
211	21680	9	5.0	4.0	-5.5	-6.0
211	21680	10	5.4	4.0	-5.6	-7.2
211	21680	11	7.1	5.1	-6.8	-8.8
211	21680	12	8.1	5.9	-7.4	-9.6
211	23160	4	5.6	4.0	-5.7	-7.3
211	23160	5	5.0	4.0	-5.5	-6.5
211	23160	6	5.1	4.0	-5.5	-6.2
211	23160	7	5.9	4.2	-5.5	-7.1
211	23160	8	5.9	4.3	-5.5	-7.1
211	23160	9	5.2	4.0	-5.5	-6.9
211	23160	10	5.2	4.0	-6.0	-7.6
211	23160	11	6.2	4.3	-6.8	-8.6
211	23160	12	7.2	5.1	-7.4	-9.4
211	23410	4	10.0	7.6	-6.2	-8.5
211	23410	5	7.6	5.8	-5.5	-6.6
211	23410	6	7.5	5.8	-5.5	-6.3
211	23410	7	6.8	5.1	-5.5	-6.1
211	23410	8	6.5	4.9	-5.5	-6.4
211	23410	9	5.8	4.3	-5.5	-6.4
211	23410	10	5.9	4.2	-5.8	-7.5
211	23410	11	7.9	5.7	-7.6	-9.8
211	23410	12	8.9	6.4	-8.4	-10.9
211	23420	4	5.4	4.0	-8.0	-9.9
211	23420	5	5.0	4.0	-8.1	-9.9
211	23420	6	5.3	4.0	-8.3	-10.3
211	23420	7	5.0	4.0	-8.1	-9.8
211	23420	8	5.0	4.0	-7.8	-9.5
211	23420	9	5.0	4.0	-7.5	-9.0
211	23420	10	5.0	4.0	-8.0	-9.8
211	23420	11	6.8	4.6	-8.5	-11.0
211	23420	12	9.0	6.4	-9.4	-12.1
211	23500	4	5.9	4.2	-6.1	-7.8
211	23500	5	5.3	4.0	-5.5	-7.1
211	23500	6	5.7	4.1	-5.5	-7.1
211	23500	7	5.3	4.0	-5.5	-7.0
211	23500	8	5.0	4.0	-5.7	-7.2
211	23500	9	5.0	4.0	-6.1	-7.7
211	23500	10	5.0	4.0	-7.0	-8.7
211	23500	11	6.1	4.1	-8.0	-10.0
211	23500	12	7.5	5.1	-8.7	-11.0
211	24710	4	6.2	4.2	-8.3	-10.4
211	24710	8	5.0	4.0	-7.7	-9.3
211	24710	9	5.0	4.0	-7.8	-9.5
211	24710	10	6.1	4.0	-8.5	-11.0
211	24710	11	8.8	6.0	-8.5	-11.0
211	24710	12	11.8	8.5	-10.5	-13.0
211	24890	4	5.2	4.0	-9.5	-11.6
211	24890	5	5.2	4.0	-8.5	-11.0
211	24890	6	5.4	4.0	-8.5	-11.0
211	24890	7	5.0	4.0	-8.5	-10.5
211	24890	8	5.3	4.0	-8.5	-10.8
211	24890	9	5.4	4.0	-8.5	-10.7
211	24890	10	8.2	5.6	-8.5	-11.0
211	24890	11	9.2	6.3	-8.5	-11.0
211	24890	12	10.2	7.1	-10.5	-13.0
211	25110	4	6.9	4.5	-10.3	-12.7
211	25110	5	5.5	4.0	-8.5	-11.0
211	25110	6	5.4	4.0	-8.5	-11.0
211	25110	7	5.4	4.0	-8.4	-10.4
211	25110	8	5.7	4.0	-8.4	-10.4
211	25110	9	5.2	4.0	-8.5	-10.4
211	25110	10	6.3	4.0	-8.5	-11.0
211	25110	11	10.0	7.0	-8.5	-11.0
211	25110	12	12.0	9.0	-10.5	-13.0
211	25630	4	7.9	5.6	-8.1	-10.4
211	25630	5	5.9	4.1	-6.7	-8.5
211	25630	6	5.2	4.0	-6.5	-8.2
211	25630	7	5.0	4.0	-6.2	-7.8
211	25630	8	5.4	4.0	-6.6	-8.3
211	25630	9	5.0	4.0	-6.7	-8.3
211	25630	10	5.5	4.0	-8.0	-9.9
211	25630	11	7.1	4.8	-8.5	-11.0
211	25630	12	9.7	6.8	-10.3	-13.0
211	25830	4	12.0	9.0	-9.4	-12.7
211	25830	5	10.0	7.0	-8.3	-11.0
211	25830	6	8.3	6.2	-6.6	-8.7
211	25830	7	5.7	4.0	-5.8	-7.4
211	25830	8	5.0	4.0	-5.5	-7.0
211	25830	9	5.5	4.0	-5.6	-7.2
211	25830	10	6.7	4.8	-6.8	-8.8
211	25830	11	8.1	5.8	-8.2	-10.5
211	25830	12	8.7	6.1	-9.5	-12.1
211	26900	4	5.3	4.0	-6.9	-8.6
211	26900	5	5.6	4.0	-6.3	-8.0
211	26900	6	6.2	4.4	-6.4	-8.2
211	26900	7	5.4	4.0	-6.1	-7.7
211	26900	8	5.0	4.0	-5.8	-7.3
211	26900	9	5.0	4.0	-5.9	-7.4
211	26900	10	6.0	4.1	-7.1	-8.9
211	26900	11	6.2	4.3	-7.5	-9.4
211	26900	12	6.6	4.6	-7.8	-9.8
211	26990	4	5.2	4.0	-5.5	-6.5
211	26990	5	5.6	4.1	-5.5	-6.2
211	26990	6	6.4	4.8	-5.5	-6.7
211	26990	7	5.9	4.4	-5.5	-6.0
211	26990	8	5.6	4.2	-5.5	-6.0
211	26990	9	5.5	4.0	-5.5	-6.1
211	26990	10	6.4	4.7	-5.8	-7.5
211	26990	11	6.5	4.7	-6.4	-8.2
211	26990	12	6.6	4.7	-6.5	-8.3
211	27450	4	6.2	4.6	-5.5	-6.4
211	27450	5	6.9	5.2	-5.5	-7.0
211	27450	6	7.5	5.6	-5.7	-7.5
211	27450	7	7.3	5.5	-5.5	-6.8
211	27450	8	6.7	5.1	-5.5	-6.0
211	27450	9	5.9	4.5	-5.5	-6.0
211	27450	10	6.5	5.0	-5.5	-6.0
211	27450	11	6.8	5.1	-5.5	-6.4
211	27450	12	7.1	5.4	-5.5	-6.7
211	27470	4	5.2	4.0	-5.5	-6.0
211	27470	5	5.7	4.2	-5.5	-6.0
211	27470	6	6.1	4.6	-5.5	-6.2
211	27470	7	5.7	4.4	-5.5	-6.0
211	27470	8	5.5	4.2	-5.5	-6.0
211	27470	9	5.3	4.1	-5.5	-6.0
211	27470	10	6.2	4.7	-5.5	-6.0
211	27470	11	6.7	5.0	-5.5	-7.0
211	27470	12	7.0	5.2	-5.5	-7.2
211	27500	4	5.3	4.0	-5.5	-6.3
211	27500	5	6.3	4.6	-5.6	-7.2
211	27500	6	6.9	5.1	-5.9	-7.7
211	27500	7	5.7	4.3	-5.5	-6.0
211	27500	8	5.0	4.0	-5.5	-6.0
211	27500	9	5.0	4.0	-5.5	-6.0
211	27500	10	5.0	4.0	-5.5	-6.0
211	27500	11	5.0	4.0	-5.5	-6.0
211	27500	12	5.1	4.0	-5.5	-6.0
211	28380	4	6.6	4.7	-6.6	-8.5
211	28380	5	6.3	4.5	-6.0	-7.7
211	28380	6	6.6	4.7	-6.3	-8.1
211	28380	7	5.7	4.1	-5.5	-7.1
211	28380	8	5.6	4.0	-5.5	-7.0
211	28380	9	5.9	4.3	-5.6	-7.3
211	28380	10	7.2	5.2	-6.7	-8.7
211	28380	11	8.3	6.0	-7.5	-9.8
211	28380	12	9.1	6.6	-7.9	-10.3
211	28922	4	5.5	4.0	-8.1	-10.1
211	28922	5	5.0	4.0	-7.5	-9.2
211	28922	6	5.1	4.0	-7.5	-9.3
211	28922	7	5.0	4.0	-7.1	-8.8
211	28922	8	5.0	4.0	-7.2	-8.9
211	28922	9	5.0	4.0	-7.2	-8.8
211	28922	10	6.0	4.0	-8.5	-10.9
211	28922	11	7.1	4.8	-8.5	-11.0
211	28922	12	8.2	5.6	-9.9	-12.5
211	29400	10	7.8	5.9	-5.5	-7.3
211	29400	11	9.3	7.0	-6.3	-8.6
211	29400	12	11.8	9.0	-7.4	-10.2
211	29720	4	12.0	9.0	-9.6	-12.8
211	29720	5	9.4	7.0	-7.4	-9.8
211	29720	6	9.0	6.7	-7.2	-9.5
211	29720	7	7.9	5.9	-6.5	-8.6
211	29720	8	8.0	5.9	-6.7	-8.8
211	29720	9	7.5	5.5	-6.5	-8.5
211	29720	10	9.3	6.8	-8.1	-10.6
211	29720	11	10.0	7.0	-8.5	-11.0
211	29720	12	12.0	9.0	-10.5	-13.0
211	30420	4	5.8	4.4	-5.5	-6.0
211	30420	5	6.8	5.2	-5.5	-6.0
211	30420	6	7.3	5.6	-5.5	-6.2
211	30420	7	6.7	5.2	-5.5	-6.0
211	30420	8	5.9	4.5	-5.5	-6.0
211	30420	9	5.7	4.3	-5.5	-6.0
211	30420	10	6.2	4.5	-5.5	-7.0
211	30420	11	6.5	4.7	-6.1	-7.9
211	30420	12	7.6	5.6	-6.5	-8.5
211	30650	4	6.6	4.6	-7.8	-9.9
211	30650	5	6.9	4.8	-7.4	-9.5
211	30650	6	7.3	5.2	-7.6	-9.7
211	30650	7	6.1	4.2	-6.6	-8.4
211	30650	8	5.5	4.0	-6.3	-8.0
211	30650	9	5.5	4.0	-6.6	-8.3
211	30650	10	7.7	5.5	-7.7	-9.9
211	30650	11	9.2	6.5	-8.5	-11.0
211	30650	12	11.5	8.3	-10.5	-13.0
211	31620	4	6.9	5.1	-5.7	-7.5
211	31620	5	6.2	4.5	-5.5	-7.2
211	31620	6	5.7	4.1	-5.5	-6.7
211	31620	7	5.0	4.0	-5.5	-6.2
211	31620	8	5.0	4.0	-5.5	-6.2
211	31620	9	5.0	4.0	-5.5	-6.0
211	31620	10	5.0	4.0	-5.5	-6.0
211	31620	11	5.0	4.0	-5.5	-6.2
211	31620	12	6.0	4.4	-5.5	-7.1
211	32060	4	6.1	4.4	-5.8	-7.5
211	32060	5	6.7	5.0	-5.5	-7.3
211	32060	6	7.2	5.4	-5.6	-7.4
211	32060	7	6.7	5.0	-5.5	-6.4
211	32060	8	6.2	4.7	-5.5	-6.0
211	32060	9	5.9	4.5	-5.5	-6.0
211	32060	10	6.3	4.6	-5.5	-7.1
211	32060	11	6.2	4.5	-6.0	-7.7
211	32060	12	7.1	5.2	-6.4	-8.3
211	32890	4	8.9	6.8	-6.4	-8.6
211	32890	5	7.6	5.8	-5.5	-7.3
211	32890	6	7.7	5.8	-5.5	-7.2
211	32890	7	7.4	5.6	-5.5	-7.3
211	32890	8	7.4	5.6	-5.6	-7.5
211	32890	9	6.8	5.0	-5.6	-7.3
211	32890	10	7.3	5.4	-6.3	-8.2
211	32890	11	9.1	6.8	-7.1	-9.4
211	32890	12	10.6	8.0	-8.0	-10.6
211	33890	4	9.0	6.7	-7.2	-9.6
211	33890	5	8.6	6.4	-6.7	-8.9
211	33890	6	8.0	6.0	-6.1	-8.1
211	33890	7	6.2	4.5	-5.5	-6.9
211	33890	8	5.6	4.1	-5.5	-6.8
211	33890	9	5.0	4.0	-5.5	-6.8
211	33890	10	6.2	4.3	-7.2	-9.1
211	33890	11	7.4	5.2	-8.2	-10.5
211	33890	12	8.9	6.3	-9.3	-11.9
211	34130	4	6.7	4.9	-5.9	-7.6
211	34130	5	7.1	5.2	-6.5	-8.5
211	34130	6	7.8	5.7	-7.1	-9.2
211	34130	7	7.0	5.2	-5.8	-7.6
211	34130	8	6.5	4.9	-5.5	-6.5
211	34130	9	5.0	4.0	-5.5	-6.0
211	34130	10	5.4	4.2	-5.5	-6.0
211	34130	11	5.9	4.6	-5.5	-6.0
211	34130	12	6.3	4.9	-5.5	-6.0
211	35860	4	5.0	4.0	-5.5	-6.0
211	35860	5	5.0	4.0	-5.5	-6.1
211	35860	6	5.1	4.0	-5.5	-6.5
211	35860	7	5.0	4.0	-5.5	-6.0
211	35860	8	5.0	4.0	-5.5	-6.0
211	35860	9	5.0	4.0	-5.5	-6.0
211	35860	10	5.0	4.0	-5.5	-6.0
211	35860	11	5.0	4.0	-5.5	-6.0
211	35860	12	5.0	4.0	-5.5	-6.0
211	36200	4	5.0	4.0	-5.5	-6.0
211	36200	5	5.2	4.0	-5.5	-6.0
211	36200	6	5.6	4.1	-5.5	-6.3
211	36200	7	5.0	4.0	-5.5	-6.0
211	36200	8	5.0	4.0	-5.5	-6.0
211	36200	9	5.0	4.0	-5.5	-6.0
211	36200	10	5.0	4.0	-5.5	-6.0
211	36200	11	5.0	4.0	-5.5	-6.0
211	36200	12	5.0	4.0	-5.5	-6.0
211	36560	4	7.1	5.2	-6.4	-8.3
211	36560	5	7.7	5.7	-6.7	-8.7
211	36560	6	8.3	6.1	-7.0	-9.2
211	36560	7	6.4	4.7	-5.6	-7.3
211	36560	8	5.3	4.0	-5.5	-6.2
211	36560	9	5.1	4.0	-5.5	-6.0
211	36560	10	5.2	4.0	-5.5	-6.0
211	36560	11	6.4	4.7	-5.5	-6.8
211	36560	12	7.3	5.5	-5.5	-7.1
211	37230	11	6.1	4.1	-8.3	-10.4
211	37230	12	6.3	4.2	-8.4	-10.5
211	38140	4	6.8	5.0	-5.9	-7.8
211	38140	5	6.9	5.0	-6.2	-8.1
211	38140	6	7.6	5.6	-6.9	-9.0
211	38140	7	6.4	4.8	-5.5	-6.9
211	38140	8	6.0	4.5	-5.5	-6.0
211	38140	9	5.6	4.3	-5.5	-6.0
211	38140	10	6.3	4.8	-5.5	-6.0
211	38140	11	6.6	5.1	-5.5	-6.0
211	38140	12	7.0	5.3	-5.5	-6.4
211	39040	4	6.1	4.5	-5.5	-6.5
211	39040	5	6.1	4.5	-5.5	-6.5
211	39040	6	6.3	4.7	-5.5	-6.8
211	39040	7	5.4	4.0	-5.5	-6.0
211	39040	8	5.5	4.1	-5.5	-6.0
211	39040	9	5.5	4.2	-5.5	-6.0
211	39040	10	6.2	4.6	-5.5	-6.4
211	39040	11	6.4	4.8	-5.5	-6.5
211	39040	12	6.7	5.0	-5.5	-6.6
211	39100	4	5.1	4.0	-5.5	-6.0
211	39100	5	5.6	4.1	-5.5	-6.4
211	39100	6	6.2	4.5	-5.5	-7.0
211	39100	7	5.5	4.1	-5.5	-6.0
211	39100	8	5.0	4.0	-5.5	-6.0
211	39100	9	5.0	4.0	-5.5	-6.0
211	39100	10	5.0	4.0	-5.5	-6.0
211	39100	11	5.0	4.0	-5.5	-6.0
211	39100	12	5.0	4.0	-5.5	-6.0
211	39690	4	5.0	4.0	-6.8	-8.4
211	39690	5	5.0	4.0	-6.3	-7.9
211	39690	6	5.2	4.0	-6.5	-8.2
211	39690	7	5.0	4.0	-6.2	-7.7
211	39690	8	5.0	4.0	-6.1	-7.5
211	39690	9	5.0	4.0	-5.7	-7.0
211	39690	10	5.0	4.0	-6.1	-7.6
211	39690	11	5.0	4.0	-6.5	-8.0
211	39690	12	5.4	4.0	-7.0	-8.8
211	40880	4	11.7	8.8	-8.5	-11.4
211	40880	5	9.0	6.7	-7.1	-9.4
211	40880	6	8.5	6.3	-6.9	-9.1
211	40880	7	7.8	5.6	-7.1	-9.2
211	40880	8	7.6	5.5	-7.0	-9.1
211	40880	9	6.7	4.8	-6.6	-8.4
211	40880	10	7.8	5.6	-7.5	-9.7
211	40880	11	9.1	6.6	-8.5	-11.0
211	40880	12	11.0	8.1	-9.5	-12.4
211	41670	4	7.1	5.4	-5.5	-6.7
211	41670	5	7.6	5.8	-5.5	-6.6
211	41670	6	7.7	6.0	-5.5	-6.4
211	41670	7	6.4	4.9	-5.5	-6.0
211	41670	8	5.6	4.2	-5.5	-6.0
211	41670	9	5.0	4.0	-5.5	-6.0
211	41670	10	5.0	4.0	-5.5	-6.0
211	41670	11	5.0	4.0	-5.5	-6.0
211	41670	12	5.0	4.0	-5.5	-6.0
211	41770	4	5.5	4.0	-5.5	-6.8
211	41770	5	6.5	4.7	-6.3	-8.1
211	41770	6	7.6	5.4	-7.3	-9.5
211	41770	7	5.9	4.4	-5.5	-6.6
211	41770	8	5.0	4.0	-5.5	-6.0
211	41770	9	5.0	4.0	-5.5	-6.0
211	41770	10	5.0	4.0	-5.5	-6.0
211	41770	11	5.0	4.0	-5.5	-6.0
211	41770	12	5.0	4.0	-5.5	-6.0
211	42160	4	5.9	4.3	-5.5	-6.9
211	42160	5	6.9	5.0	-6.5	-8.4
211	42160	6	7.8	5.6	-7.5	-9.7
211	42160	7	6.9	5.1	-6.0	-7.9
211	42160	8	5.9	4.4	-5.5	-6.3
211	42160	9	5.0	4.0	-5.5	-6.0
211	42160	10	5.0	4.0	-5.5	-6.0
211	42160	11	5.0	4.0	-5.5	-6.0
211	42160	12	5.0	4.0	-5.5	-6.0
211	42920	4	6.8	4.8	-6.7	-8.6
211	42920	5	6.0	4.3	-6.0	-7.7
211	42920	6	6.2	4.4	-6.1	-7.8
211	42920	7	5.0	4.0	-6.2	-7.8
211	42920	8	5.0	4.0	-6.2	-7.7
211	42920	9	5.0	4.0	-6.0	-7.4
211	42920	10	5.2	4.0	-5.9	-7.5
211	42920	11	7.3	5.2	-7.1	-9.2
211	42920	12	9.2	6.7	-8.1	-10.6
211	42940	4	8.5	6.2	-7.2	-9.4
211	42940	5	7.4	5.4	-6.6	-8.6
211	42940	6	7.7	5.6	-6.7	-8.8
211	42940	7	6.3	4.4	-6.8	-8.7
211	42940	8	5.6	4.0	-6.5	-8.2
211	42940	9	5.0	4.0	-5.9	-7.4
211	42940	10	5.0	4.0	-6.3	-8.0
211	42940	11	7.2	5.1	-7.7	-9.8
211	42940	12	9.4	6.8	-8.8	-11.4
211	43010	4	5.0	4.0	-6.1	-7.7
211	43010	5	5.4	4.0	-6.3	-7.9
211	43010	6	5.9	4.1	-6.8	-8.6
211	43010	7	5.5	4.0	-6.8	-8.5
211	43010	8	5.9	4.1	-6.8	-8.6
211	43010	9	5.3	4.0	-6.4	-8.1
211	43010	10	6.1	4.3	-6.6	-8.5
211	43010	11	6.5	4.6	-6.8	-8.7
211	43010	12	6.8	4.9	-7.0	-8.9
211	44080	4	5.0	4.0	-5.5	-6.0
211	44080	5	5.0	4.0	-5.5	-6.0
211	44080	6	5.6	4.1	-5.5	-6.1
211	44080	7	5.0	4.0	-5.5	-6.0
211	44080	8	5.0	4.0	-5.5	-6.0
211	44080	9	5.0	4.0	-5.5	-6.0
211	44080	10	6.0	4.5	-5.5	-6.2
211	44080	11	5.3	4.0	-5.5	-6.0
211	44080	12	5.3	4.0	-5.5	-6.0
211	44300	4	5.0	4.0	-5.5	-6.0
211	44300	5	5.3	4.0	-5.5	-6.1
211	44300	6	5.6	4.1	-5.5	-6.2
211	44300	7	5.3	4.0	-5.5	-6.0
211	44300	8	5.1	4.0	-5.5	-6.0
211	44300	9	5.0	4.0	-5.5	-6.0
211	44300	10	5.4	4.0	-5.5	-6.5
211	44300	11	5.3	4.0	-5.6	-7.1
211	44300	12	5.2	4.0	-5.5	-7.1
211	44560	4	5.0	4.0	-5.5	-6.6
211	44560	5	5.0	4.0	-5.6	-7.0
211	44560	6	5.0	4.0	-6.2	-7.8
211	44560	7	5.0	4.0	-5.5	-6.3
211	44560	8	5.0	4.0	-5.5	-6.0
211	44560	9	5.0	4.0	-5.5	-6.0
211	44560	10	5.5	4.0	-5.5	-6.3
211	44560	11	5.8	4.2	-5.5	-6.8
211	44560	12	5.9	4.3	-5.5	-6.9
211	44610	4	6.9	5.0	-6.3	-8.2
211	44610	5	6.8	4.8	-7.1	-9.1
211	44610	6	7.3	5.1	-8.0	-10.2
211	44610	7	6.8	4.9	-6.0	-7.9
211	44610	8	5.9	4.4	-5.5	-6.1
211	44610	9	5.0	4.0	-5.5	-6.0
211	44610	10	5.1	4.1	-5.5	-6.0
211	44610	11	5.0	4.0	-5.5	-6.0
211	44610	12	5.1	4.1	-5.5	-6.0
211	44630	4	7.0	5.1	-6.0	-7.8
211	44630	5	7.0	5.1	-6.5	-8.4
211	44630	6	7.9	5.7	-7.3	-9.5
211	44630	7	7.2	5.4	-5.5	-7.3
211	44630	8	6.2	4.6	-5.5	-6.0
211	44630	9	5.1	4.0	-5.5	-6.0
211	44630	10	5.6	4.3	-5.5	-6.0
211	44630	11	5.7	4.3	-5.5	-6.0
211	44630	12	5.7	4.2	-5.5	-6.0
211	44640	8	5.8	4.2	-5.5	-6.3
211	44640	9	5.0	4.0	-5.5	-6.0
211	44640	10	5.6	4.1	-5.5	-6.0
211	44640	11	5.8	4.2	-5.5	-7.0
211	44640	12	5.3	4.0	-5.5	-6.9
211	45870	4	5.0	4.0	-5.9	-7.3
211	45870	5	5.0	4.0	-6.3	-7.9
211	45870	6	5.0	4.0	-6.9	-8.6
211	45870	7	5.1	4.0	-6.1	-7.7
211	45870	8	5.0	4.0	-5.5	-6.9
211	45870	9	5.0	4.0	-5.5	-6.0
211	45870	10	5.0	4.0	-5.5	-6.0
211	45870	11	5.0	4.0	-5.5	-6.2
211	45870	12	5.0	4.0	-5.5	-6.0
211	46510	4	6.2	4.4	-6.7	-8.5
211	46510	5	7.2	5.2	-6.8	-8.8
211	46510	6	7.7	5.6	-7.0	-9.2
211	46510	7	10.0	7.0	-6.6	-9.2
211	46510	8	10.0	7.0	-6.5	-9.2
211	46510	11	8.2	5.4	-8.5	-11.0
211	46510	12	7.7	4.9	-10.5	-13.0
211	46610	4	5.0	4.0	-9.9	-11.9
211	46610	5	5.0	4.0	-8.5	-11.0
211	46610	6	5.0	4.0	-8.5	-10.9
211	46610	7	5.0	4.0	-8.5	-10.3
211	46610	8	5.0	4.0	-8.2	-9.9
211	46610	9	5.0	4.0	-8.2	-9.8
211	46610	10	5.2	4.0	-8.5	-11.0
211	46610	11	6.1	4.0	-8.5	-11.0
211	46610	12	7.6	4.9	-10.5	-13.0
211	46910	4	6.1	4.2	-6.9	-8.8
211	46910	5	6.6	4.6	-7.5	-9.5
211	46910	6	6.7	4.6	-7.8	-9.8
211	46910	7	6.1	4.3	-6.3	-8.1
211	46910	8	5.6	4.0	-5.6	-7.2
211	46910	9	5.0	4.0	-5.5	-6.0
211	46910	10	5.0	4.0	-5.5	-6.0
211	46910	11	5.0	4.0	-5.5	-6.2
211	46910	12	5.2	4.0	-5.5	-6.7
211	47260	4	6.6	4.9	-5.5	-7.1
211	47260	5	6.0	4.3	-5.7	-7.4
211	47260	6	6.3	4.5	-6.4	-8.2
211	47260	7	6.4	4.7	-5.5	-7.1
211	47260	8	6.3	4.7	-5.5	-6.2
211	47260	9	5.4	4.1	-5.5	-6.0
211	47260	10	6.5	5.1	-5.5	-6.0
211	47260	11	7.1	5.5	-5.5	-6.0
211	47260	12	7.1	5.6	-5.5	-6.0
211	47300	4	9.2	6.8	-7.6	-10.0
211	47300	5	8.4	6.1	-8.2	-10.6
211	47300	6	8.8	6.2	-8.5	-11.0
211	47300	7	7.8	5.8	-6.6	-8.7
211	47300	8	7.2	5.4	-5.5	-7.0
211	47300	9	5.9	4.7	-5.5	-6.0
211	47300	10	5.8	4.7	-5.5	-6.0
211	47300	11	5.5	4.5	-5.5	-6.0
211	47300	12	5.4	4.4	-5.5	-6.0
211	48120	4	6.3	4.5	-6.0	-7.7
211	48120	5	6.3	4.4	-6.8	-8.6
211	48120	6	6.6	4.6	-7.4	-9.4
211	48120	7	6.8	4.9	-6.5	-8.4
211	48120	8	6.0	4.4	-5.5	-7.1
211	48120	9	5.0	4.0	-5.5	-6.0
211	48120	10	5.3	4.0	-5.5	-6.0
211	48120	11	6.2	4.6	-5.5	-6.9
211	48120	12	5.8	4.3	-5.5	-6.9
211	48330	4	7.0	5.1	-6.3	-8.2
211	48330	5	6.9	4.9	-7.2	-9.2
211	48330	6	7.5	5.3	-7.9	-10.1
211	48330	7	6.9	5.0	-6.3	-8.2
211	48330	8	6.3	4.7	-5.5	-6.7
211	48330	9	5.0	4.0	-5.5	-6.0
211	48330	10	5.2	4.1	-5.5	-6.0
211	48330	11	5.3	4.2	-5.5	-6.0
211	48330	12	5.7	4.5	-5.5	-6.0
211	49800	7	5.0	4.0	-5.9	-7.4
211	49800	8	5.0	4.0	-6.4	-8.0
211	49800	9	5.0	4.0	-6.8	-8.4
211	49800	10	5.0	4.0	-8.1	-9.9
211	49800	11	5.9	4.0	-8.5	-11.0
211	49800	12	6.3	4.0	-10.5	-13.0
211	50070	4	7.6	4.9	-10.5	-13.0
211	50070	5	7.0	4.2	-8.5	-11.0
211	50070	6	7.7	4.7	-8.5	-11.0
211	50070	7	8.3	5.4	-8.5	-11.0
211	50070	8	7.1	4.8	-8.5	-11.0
211	50070	9	5.0	4.0	-6.1	-7.6
211	50070	10	5.0	4.0	-5.7	-7.1
211	50070	11	5.0	4.0	-5.7	-7.2
211	50070	12	5.1	4.0	-6.1	-7.7
211	50310	4	6.1	4.4	-5.7	-7.4
211	50310	5	5.9	4.3	-5.5	-6.9
211	50310	6	5.4	4.0	-5.5	-6.0
211	50310	7	5.0	4.0	-5.5	-6.0
211	50310	8	5.0	4.0	-5.5	-6.2
211	50310	9	5.0	4.0	-5.5	-6.3
211	50310	10	5.3	4.0	-5.6	-7.1
211	50310	11	6.3	4.4	-7.0	-8.9
211	50310	12	6.0	4.1	-7.4	-9.3
211	50500	4	6.2	4.5	-5.5	-7.1
211	50500	5	6.1	4.4	-6.2	-7.9
211	50500	6	6.5	4.6	-6.8	-8.7
211	50500	7	6.9	5.1	-5.9	-7.7
211	50500	8	6.2	4.7	-5.5	-6.3
211	50500	9	5.0	4.0	-5.5	-6.0
211	50500	10	5.0	4.0	-5.5	-6.0
211	50500	11	5.2	4.0	-5.5	-6.0
211	50500	12	5.2	4.0	-5.5	-6.0
211	50540	4	5.0	4.0	-5.6	-6.8
211	50540	5	5.0	4.0	-5.8	-7.1
211	50540	6	5.0	4.0	-6.0	-7.5
211	50540	7	5.0	4.0	-5.6	-7.1
211	50540	8	5.0	4.0	-5.5	-6.7
211	50540	9	5.0	4.0	-5.5	-6.1
211	50540	10	5.0	4.0	-5.5	-6.3
211	50540	11	5.0	4.0	-5.6	-6.9
211	50540	12	5.0	4.0	-6.0	-7.4
211	51530	4	5.0	4.0	-9.5	-11.5
211	51530	5	5.0	4.0	-8.5	-11.0
211	51530	6	5.3	4.0	-8.5	-11.0
211	51530	7	5.0	4.0	-8.5	-10.4
211	51530	8	5.0	4.0	-8.1	-9.8
211	51530	9	5.0	4.0	-7.8	-9.4
211	51530	10	5.5	4.0	-8.5	-11.0
211	51530	11	6.3	4.0	-8.5	-11.0
211	51530	12	8.1	5.3	-10.5	-13.0
211	51800	4	5.3	4.0	-8.9	-10.9
211	51800	5	5.0	4.0	-7.8	-9.6
211	51800	6	5.1	4.0	-7.0	-8.7
211	51800	7	5.0	4.0	-7.0	-8.7
211	51800	8	5.0	4.0	-7.9	-9.7
211	51800	9	5.0	4.0	-7.7	-9.4
211	51800	10	5.0	4.0	-8.4	-10.2
211	51800	11	6.2	4.0	-8.5	-11.0
211	51800	12	6.5	4.0	-10.5	-13.0
211	52310	10	5.0	4.0	-8.5	-10.9
211	52310	11	5.0	4.0	-8.5	-11.0
211	52310	12	5.4	4.0	-10.5	-13.0
211	52535	4	8.0	5.8	-7.0	-9.1
211	52535	5	7.3	5.2	-7.6	-9.8
211	52535	6	7.7	5.4	-8.3	-10.6
211	52535	7	7.2	5.2	-6.6	-8.6
211	52535	8	6.7	5.0	-5.5	-7.1
211	52535	9	5.6	4.4	-5.5	-6.0
211	52535	10	5.9	4.7	-5.5	-6.0
211	52535	11	5.8	4.7	-5.5	-6.0
211	52535	12	6.0	4.8	-5.5	-6.0
211	52860	4	5.0	4.0	-5.6	-6.9
211	52860	5	5.0	4.0	-5.7	-7.0
211	52860	6	5.0	4.0	-5.8	-7.1
211	52860	7	5.0	4.0	-5.8	-7.2
211	52860	8	5.0	4.0	-5.5	-6.8
211	52860	9	5.0	4.0	-5.5	-6.3
211	52860	10	5.0	4.0	-5.5	-6.4
211	52860	11	5.0	4.0	-5.7	-7.1
211	52860	12	5.0	4.0	-6.2	-7.6
211	53101	4	5.0	4.0	-7.8	-9.4
211	53101	5	5.0	4.0	-8.1	-9.7
211	53101	6	5.0	4.0	-8.5	-10.5
211	53101	7	5.0	4.0	-8.2	-10.0
211	53101	8	5.0	4.0	-7.6	-9.4
211	53101	9	5.0	4.0	-5.9	-7.3
211	53101	10	5.0	4.0	-6.6	-8.1
211	53101	11	5.0	4.0	-7.0	-8.6
211	53101	12	5.0	4.0	-7.8	-9.5
211	54110	9	5.3	4.0	-8.5	-11.0
211	54110	10	6.1	4.0	-8.5	-11.0
211	54110	11	6.1	4.0	-8.5	-11.0
211	54110	12	6.8	4.0	-10.5	-13.0
211	55290	4	7.5	5.7	-5.5	-6.6
211	55290	5	7.3	5.7	-5.5	-6.0
211	55290	6	7.0	5.4	-5.5	-6.0
211	55290	7	7.0	5.5	-5.5	-6.0
211	55290	8	7.7	5.9	-5.5	-6.8
211	55290	9	6.3	4.7	-5.5	-6.5
211	55290	10	6.3	4.6	-5.6	-7.3
211	55290	11	5.9	4.3	-5.7	-7.3
211	55290	12	7.7	5.5	-7.7	-9.9
211	55700	4	9.3	7.2	-5.7	-7.9
211	55700	5	8.9	6.7	-6.5	-8.6
211	55700	6	9.7	7.0	-7.4	-9.9
211	55700	7	10.0	7.0	-7.6	-10.3
211	55700	8	10.0	7.0	-6.6	-9.2
211	55700	9	8.1	6.6	-5.5	-6.0
211	55700	10	8.2	6.6	-5.5	-6.0
211	55700	11	7.9	6.4	-5.5	-6.0
211	55700	12	8.2	6.5	-5.5	-6.0
211	55820	4	5.4	4.0	-10.5	-13.0
211	55820	5	7.2	4.2	-8.5	-11.0
211	55820	6	8.0	4.9	-8.5	-11.0
211	55820	7	8.7	5.6	-8.5	-11.0
211	55820	8	7.4	4.6	-8.5	-11.0
211	55820	9	5.0	4.0	-8.5	-11.0
211	55820	10	5.0	4.0	-8.5	-11.0
211	55820	11	5.4	4.0	-8.5	-11.0
211	55820	12	7.6	4.3	-10.5	-13.0
211	56420	4	6.8	5.0	-6.0	-7.8
211	56420	5	6.3	4.5	-6.6	-8.5
211	56420	6	6.3	4.4	-7.2	-9.1
211	56420	7	7.0	5.1	-6.4	-8.3
211	56420	8	6.2	4.6	-5.5	-6.7
211	56420	9	5.2	4.0	-5.5	-6.0
211	56420	10	5.0	4.0	-5.5	-6.0
211	56420	11	5.0	4.0	-5.5	-6.0
211	56420	12	5.2	4.0	-5.5	-6.0
211	57000	4	5.9	4.3	-5.7	-7.4
211	57000	5	6.0	4.4	-5.5	-6.9
211	57000	6	5.7	4.2	-5.5	-6.4
211	57000	7	5.8	4.3	-5.5	-6.5
211	57000	8	5.6	4.1	-5.5	-6.7
211	57000	9	5.6	4.1	-5.5	-6.8
211	57000	10	6.0	4.3	-6.0	-7.7
211	57000	11	6.4	4.5	-6.8	-8.7
211	57000	12	6.1	4.2	-7.3	-9.2
211	57420	4	6.5	4.5	-7.9	-10.0
211	57420	5	7.6	5.4	-8.1	-10.3
211	57420	6	8.2	5.8	-8.3	-10.6
211	57420	7	8.3	5.9	-8.3	-10.6
211	57420	8	7.6	5.4	-7.8	-10.0
211	57420	9	6.2	4.3	-7.2	-9.1
211	57420	10	6.3	4.4	-7.1	-9.0
211	57420	11	6.2	4.3	-7.2	-9.1
211	57420	12	7.7	5.3	-9.1	-11.5
211	57710	4	8.9	6.6	-7.5	-9.8
211	57710	5	8.5	6.1	-8.5	-11.0
211	57710	6	8.6	6.0	-8.5	-11.0
211	57710	7	9.1	6.6	-8.5	-11.0
211	57710	8	8.9	6.6	-7.2	-9.5
211	57710	9	7.8	6.1	-5.5	-6.2
211	57710	10	8.5	6.7	-5.5	-6.0
211	57710	11	8.2	6.6	-5.5	-6.0
211	57710	12	8.3	6.6	-5.5	-6.0
211	57770	4	6.6	4.9	-5.5	-6.8
211	57770	5	7.1	5.1	-6.6	-8.6
211	57770	6	7.9	5.6	-7.9	-10.2
211	57770	7	6.8	5.0	-6.4	-8.3
211	57770	8	5.6	4.1	-5.5	-6.2
211	57770	9	5.0	4.0	-5.5	-6.0
211	57770	10	5.0	4.0	-5.5	-6.0
211	57770	11	5.0	4.0	-5.5	-6.0
211	57770	12	5.0	4.0	-5.5	-6.0
211	58070	4	5.0	4.0	-7.8	-9.3
211	58070	5	5.0	4.0	-7.9	-9.4
211	58070	6	5.0	4.0	-8.0	-9.5
211	58070	7	5.0	4.0	-8.3	-10.2
211	58070	8	5.6	4.0	-8.3	-10.3
211	58070	9	5.1	4.0	-7.7	-9.6
211	58070	10	5.2	4.0	-8.3	-10.2
211	58070	11	5.0	4.0	-8.5	-10.4
211	58070	12	5.7	4.0	-10.2	-12.5
211	58100	4	5.0	4.0	-7.0	-8.4
211	58100	5	5.0	4.0	-7.4	-8.9
211	58100	6	5.0	4.0	-7.6	-9.3
211	58100	7	5.0	4.0	-7.4	-9.1
211	58100	8	5.0	4.0	-7.3	-9.1
211	58100	9	5.0	4.0	-6.6	-8.2
211	58100	10	5.1	4.0	-6.8	-8.5
211	58100	11	5.0	4.0	-7.3	-9.1
211	58100	12	5.4	4.0	-8.8	-10.8
211	58900	4	6.9	5.1	-5.7	-7.6
211	58900	5	6.6	4.7	-6.9	-8.8
211	58900	6	5.4	4.0	-7.0	-8.7
211	58900	7	5.9	4.1	-6.8	-8.6
211	58900	8	6.3	4.4	-6.7	-8.5
211	58900	9	5.8	4.2	-5.9	-7.5
211	58900	10	5.3	4.0	-5.5	-6.8
211	58900	11	6.4	4.5	-7.1	-9.0
211	58900	12	7.4	5.1	-8.8	-11.1
211	59110	4	6.6	4.8	-5.8	-7.6
211	59110	5	7.1	5.0	-7.2	-9.3
211	59110	6	7.7	5.5	-8.0	-10.3
211	59110	7	7.8	5.6	-7.4	-9.6
211	59110	8	6.7	4.9	-6.0	-7.8
211	59110	9	5.0	4.0	-5.5	-6.0
211	59110	10	5.1	4.0	-5.5	-6.0
211	59110	11	5.1	4.0	-5.5	-6.0
211	59110	12	5.4	4.2	-5.5	-6.0
211	59610	4	5.0	4.0	-6.4	-8.0
211	59610	5	5.0	4.0	-6.1	-7.6
211	59610	6	5.0	4.0	-6.2	-7.7
211	59610	7	5.1	4.0	-6.4	-8.1
211	59610	8	5.5	4.0	-6.4	-8.1
211	59610	9	5.0	4.0	-6.2	-7.8
211	59610	10	5.0	4.0	-5.8	-7.2
211	59610	11	5.0	4.0	-6.0	-7.4
211	59610	12	5.0	4.0	-7.0	-8.7
211	59680	4	7.1	5.0	-7.1	-9.2
211	59680	5	5.4	4.0	-6.2	-7.9
211	59680	6	5.0	4.0	-6.2	-7.7
211	59680	7	6.3	4.5	-6.2	-8.0
211	59680	8	7.4	5.5	-6.0	-7.9
211	59680	9	8.3	6.2	-6.1	-8.2
211	59680	10	9.2	6.9	-6.9	-9.2
211	59680	11	9.6	7.0	-8.1	-10.6
211	59680	12	9.9	7.2	-9.2	-12.0
211	59800	4	6.0	4.4	-5.5	-6.6
211	59800	5	5.6	4.0	-5.8	-7.4
211	59800	6	6.0	4.2	-6.4	-8.2
211	59800	7	6.4	4.6	-6.1	-7.9
211	59800	8	5.8	4.2	-5.5	-6.6
211	59800	9	5.0	4.0	-5.5	-6.0
211	59800	10	5.0	4.0	-5.5	-6.0
211	59800	11	5.0	4.0	-5.5	-6.0
211	59800	12	5.3	4.1	-5.5	-6.0
211	60500	4	5.0	4.0	-10.5	-13.0
211	60500	5	7.0	4.0	-8.5	-11.0
211	60500	6	8.1	5.0	-8.5	-11.0
211	60500	7	8.2	5.2	-8.5	-11.0
211	60500	8	6.7	4.0	-8.5	-11.0
211	60500	9	5.0	4.0	-8.5	-11.0
211	60500	10	5.0	4.0	-8.5	-11.0
211	60500	11	5.0	4.0	-8.5	-11.0
211	60500	12	5.0	4.0	-10.5	-13.0
211	60990	4	7.4	5.4	-6.3	-8.2
211	60990	5	6.5	4.6	-7.0	-8.9
211	60990	6	6.8	4.7	-7.8	-9.8
211	60990	7	7.3	5.2	-7.3	-9.4
211	60990	8	6.6	4.8	-6.1	-7.9
211	60990	9	5.0	4.0	-5.5	-6.0
211	60990	10	5.0	4.0	-5.5	-6.0
211	60990	11	5.2	4.0	-5.5	-6.0
211	60990	12	5.7	4.3	-5.5	-6.0
211	61060	7	5.0	4.0	-5.5	-6.8
211	61060	8	5.2	4.0	-5.5	-6.7
211	61060	9	5.1	4.0	-5.5	-6.6
211	61060	10	5.3	4.0	-5.5	-7.1
211	61060	11	5.0	4.0	-5.9	-7.5
211	61060	12	5.0	4.0	-6.3	-7.9
211	61180	7	5.0	4.0	-6.3	-7.9
211	61180	8	5.3	4.0	-5.9	-7.5
211	61180	9	5.0	4.0	-5.5	-6.7
211	61180	10	5.0	4.0	-5.5	-7.0
211	61180	11	5.0	4.0	-6.4	-7.9
211	61180	12	5.0	4.0	-7.3	-9.0
211	62270	4	6.5	4.7	-6.4	-8.2
211	62270	5	5.6	4.0	-6.7	-8.4
211	62270	6	5.7	4.0	-7.1	-8.9
211	62270	7	8.3	6.0	-7.6	-9.9
211	62270	8	9.2	6.9	-6.8	-9.1
211	62270	9	8.1	6.2	-5.5	-7.2
211	62270	10	6.7	5.0	-5.5	-6.7
211	62270	11	6.1	4.5	-5.5	-6.5
211	62270	12	6.8	5.0	-5.8	-7.6
211	62480	4	6.1	4.5	-5.5	-6.7
211	62480	5	5.8	4.1	-6.1	-7.8
211	62480	6	6.2	4.3	-6.8	-8.6
211	62480	7	7.3	5.3	-6.9	-8.9
211	62480	8	7.0	5.1	-5.8	-7.6
211	62480	9	5.1	4.0	-5.5	-6.0
211	62480	10	5.3	4.2	-5.5	-6.0
211	62480	11	5.5	4.4	-5.5	-6.0
211	62480	12	5.8	4.6	-5.5	-6.0
211	63420	4	5.0	4.0	-10.5	-13.0
211	63420	5	5.0	4.0	-8.5	-11.0
211	63420	6	5.0	4.0	-8.5	-11.0
211	63420	7	5.0	4.0	-8.5	-11.0
211	63420	8	5.0	4.0	-8.5	-11.0
211	63420	9	5.0	4.0	-8.5	-11.0
211	63420	10	5.0	4.0	-8.5	-11.0
211	63420	11	5.0	4.0	-8.5	-11.0
211	63420	12	5.0	4.0	-10.5	-13.0
211	63705	4	5.0	4.0	-7.3	-8.8
211	63705	5	5.0	4.0	-7.4	-9.1
211	63705	6	5.0	4.0	-7.0	-8.7
211	63705	7	5.0	4.0	-6.8	-8.4
211	63705	8	5.0	4.0	-6.5	-8.1
211	63705	9	5.0	4.0	-6.8	-8.2
211	63705	10	5.0	4.0	-7.5	-9.0
211	63705	11	5.0	4.0	-8.5	-10.5
211	63705	12	5.0	4.0	-9.8	-11.8
211	64330	4	7.7	5.7	-6.6	-8.6
211	64330	5	7.6	5.4	-7.6	-9.8
211	64330	6	7.9	5.6	-8.1	-10.4
211	64330	7	9.5	6.9	-8.5	-11.0
211	64330	8	8.7	6.4	-7.4	-9.7
211	64330	9	5.4	4.1	-5.5	-6.0
211	64330	10	5.2	4.0	-5.5	-6.0
211	64330	11	5.7	4.3	-5.5	-6.0
211	64330	12	6.3	4.6	-5.5	-6.8
211	64870	4	6.8	5.1	-5.5	-6.7
211	64870	5	6.5	4.9	-5.5	-6.0
211	64870	6	6.2	4.8	-5.5	-6.0
211	64870	7	5.4	4.1	-5.5	-6.0
211	64870	8	5.2	4.0	-5.5	-6.0
211	64870	9	5.2	4.0	-5.5	-6.0
211	64870	10	5.8	4.3	-5.5	-6.5
211	64870	11	7.0	5.0	-6.8	-8.8
211	64870	12	7.5	5.3	-8.0	-10.2
211	65310	4	5.0	4.0	-5.5	-6.0
211	65310	5	5.0	4.0	-5.5	-6.0
211	65310	6	5.0	4.0	-5.5	-6.0
211	65310	7	5.0	4.0	-5.5	-6.2
211	65310	8	5.0	4.0	-5.5	-6.0
211	65310	9	5.0	4.0	-5.5	-6.0
211	65310	10	5.0	4.0	-5.5	-6.0
211	65310	11	5.0	4.0	-5.5	-6.0
211	65310	12	5.0	4.0	-5.5	-6.0
211	65940	4	5.6	4.1	-5.5	-6.1
211	65940	5	6.0	4.2	-6.1	-7.8
211	65940	6	6.3	4.4	-6.7	-8.6
211	65940	7	6.5	4.7	-6.4	-8.2
211	65940	8	5.4	4.0	-5.5	-6.3
211	65940	9	5.0	4.0	-5.5	-6.0
211	65940	10	5.0	4.0	-5.5	-6.0
211	65940	11	5.0	4.0	-5.5	-6.0
211	65940	12	5.2	4.1	-5.5	-6.0
211	66150	4	6.5	4.6	-6.9	-8.8
211	66150	5	6.5	4.6	-6.6	-8.5
211	66150	6	6.6	4.7	-6.4	-8.3
211	66150	7	6.6	4.8	-6.1	-7.9
211	66150	8	6.8	5.0	-6.1	-7.9
211	66150	9	6.3	4.5	-6.1	-7.9
211	66150	10	6.6	4.7	-6.5	-8.4
211	66150	11	6.9	4.9	-7.0	-9.0
211	66150	12	8.3	6.0	-8.1	-10.4
211	67280	4	6.2	4.4	-6.7	-8.5
211	67280	7	6.1	4.5	-5.5	-6.7
211	67280	8	6.3	4.7	-5.5	-6.8
211	67280	9	6.4	4.7	-5.7	-7.4
211	67280	10	6.4	4.7	-6.0	-7.7
211	67280	11	7.3	5.3	-7.0	-9.1
211	67280	12	8.4	6.1	-8.2	-10.6
211	67560	4	7.1	4.8	-9.1	-11.5
211	67560	7	8.6	6.2	-8.2	-10.6
211	67560	8	7.8	5.6	-7.6	-9.8
211	67560	9	7.0	4.9	-7.3	-9.3
211	67560	10	7.0	5.0	-7.1	-9.1
211	67560	11	9.6	7.0	-8.5	-11.0
211	67560	12	11.6	8.5	-10.1	-13.0
211	68290	4	5.4	4.0	-6.6	-8.3
211	68290	5	5.4	4.0	-6.8	-8.5
211	68290	6	5.6	4.0	-7.1	-8.9
211	68290	7	6.1	4.2	-7.0	-8.9
211	68290	8	5.9	4.2	-6.1	-7.9
211	68290	9	5.6	4.0	-5.9	-7.6
211	68290	10	6.4	4.6	-6.4	-8.2
211	68290	11	8.1	5.8	-7.6	-9.8
211	68290	12	9.5	7.0	-8.5	-11.1
211	68860	4	5.4	4.0	-5.5	-6.7
211	68860	5	5.7	4.1	-5.5	-7.1
211	68860	6	6.0	4.4	-5.7	-7.4
211	68860	7	5.7	4.1	-5.5	-6.9
211	68860	8	5.3	4.0	-5.5	-6.2
211	68860	9	5.0	4.0	-5.5	-6.0
211	68860	10	5.0	4.0	-5.5	-6.2
211	68860	11	7.2	5.0	-8.1	-10.3
211	68860	12	7.7	5.2	-9.3	-11.7
211	69100	4	5.5	4.0	-5.8	-7.5
211	69100	5	5.6	4.1	-5.5	-6.9
211	69100	6	5.6	4.1	-5.5	-6.5
211	69100	7	6.0	4.5	-5.5	-6.6
211	69100	8	5.9	4.3	-5.5	-6.4
211	69100	9	5.8	4.2	-5.5	-6.9
211	69100	10	6.6	4.8	-6.3	-8.1
211	69100	11	7.1	5.1	-7.1	-9.2
211	69100	12	7.9	5.6	-7.9	-10.2
211	69150	4	6.0	4.4	-5.5	-6.7
211	69150	5	5.6	4.1	-5.5	-6.8
211	69150	6	5.5	4.0	-5.5	-6.9
211	69150	7	6.3	4.7	-5.5	-6.9
211	69150	8	6.1	4.5	-5.5	-6.1
211	69150	9	5.9	4.4	-5.5	-6.2
211	69150	10	6.9	5.1	-5.5	-6.9
211	69150	11	8.0	6.0	-6.1	-8.2
211	69150	12	9.2	6.9	-7.0	-9.3
211	69380	4	6.0	4.1	-7.9	-9.9
211	69380	5	6.1	4.2	-7.2	-9.1
211	69380	6	6.3	4.4	-7.0	-8.9
211	69380	7	6.5	4.6	-6.4	-8.2
211	69380	8	6.7	4.8	-6.7	-8.6
211	69380	9	6.6	4.6	-7.4	-9.4
211	69380	10	7.3	5.1	-8.0	-10.2
211	69380	11	8.1	5.7	-8.5	-11.0
211	69380	12	9.7	6.9	-9.8	-12.6
211	70150	4	5.0	4.0	-5.8	-7.2
211	70150	5	5.4	4.0	-5.8	-7.4
211	70150	6	5.5	4.0	-5.7	-7.3
211	70150	7	6.4	4.6	-6.0	-7.8
211	70150	8	5.7	4.1	-5.5	-7.1
211	70150	9	5.1	4.0	-5.5	-7.0
211	70150	10	5.0	4.0	-5.5	-6.7
211	70150	11	5.0	4.0	-6.0	-7.5
211	70150	12	5.3	4.0	-6.8	-8.5
211	70850	4	6.0	4.1	-7.0	-8.8
211	70850	5	5.5	4.0	-6.4	-8.1
211	70850	6	5.8	4.1	-6.6	-8.3
211	70850	7	7.1	5.1	-6.9	-8.9
211	70850	8	7.1	5.1	-6.7	-8.7
211	70850	9	6.4	4.6	-6.5	-8.3
211	70850	10	6.5	4.7	-6.7	-8.6
211	70850	11	8.2	5.9	-8.0	-10.3
211	70850	12	9.8	7.0	-9.3	-12.0
211	71000	4	5.4	4.0	-5.5	-7.1
211	71000	5	5.4	4.0	-5.6	-7.2
211	71000	6	5.7	4.0	-5.8	-7.5
211	71000	7	6.4	4.6	-6.1	-7.9
211	71000	8	6.0	4.4	-5.5	-7.2
211	71000	9	5.7	4.2	-5.5	-6.5
211	71000	10	5.8	4.3	-5.5	-6.5
211	71000	11	6.4	4.7	-5.5	-7.1
211	71000	12	6.8	5.0	-6.1	-8.0
211	71550	4	6.9	5.0	-6.1	-8.0
211	71550	5	7.2	5.1	-7.3	-9.4
211	71550	6	7.7	5.4	-8.0	-10.3
211	71550	7	8.4	6.0	-8.3	-10.7
211	71550	8	7.8	5.7	-6.9	-9.0
211	71550	9	6.1	4.6	-5.5	-6.0
211	71550	10	5.6	4.3	-5.5	-6.0
211	71550	11	5.5	4.2	-5.5	-6.0
211	71550	12	5.9	4.5	-5.5	-6.0
211	71780	4	5.0	4.0	-5.9	-7.4
211	71780	5	5.0	4.0	-5.6	-7.1
211	71780	6	5.0	4.0	-5.8	-7.3
211	71780	7	5.6	4.0	-6.0	-7.7
211	71780	8	5.6	4.0	-5.8	-7.5
211	71780	9	5.3	4.0	-5.5	-7.1
211	71780	10	5.5	4.0	-5.7	-7.3
211	71780	11	6.0	4.2	-6.5	-8.2
211	71780	12	6.6	4.6	-7.6	-9.6
211	71850	4	5.1	4.0	-5.5	-6.0
211	71850	5	5.9	4.3	-5.5	-6.9
211	71850	6	6.4	4.6	-6.1	-7.9
211	71850	7	5.8	4.2	-5.5	-7.1
211	71850	8	5.0	4.0	-5.5	-6.0
211	71850	9	5.0	4.0	-5.5	-6.0
211	71850	10	5.0	4.0	-5.5	-6.0
211	71850	11	5.0	4.0	-5.5	-6.0
211	71850	12	5.0	4.0	-5.5	-6.0
211	71990	4	5.0	4.0	-5.5	-6.0
211	71990	5	5.0	4.0	-5.5	-6.0
211	71990	6	5.0	4.0	-5.5	-6.1
211	71990	7	5.5	4.0	-5.5	-6.6
211	71990	8	5.0	4.0	-5.5	-6.0
211	71990	9	5.0	4.0	-5.5	-6.0
211	71990	10	5.0	4.0	-5.5	-6.0
211	71990	11	5.0	4.0	-5.5	-6.0
211	71990	12	5.0	4.0	-5.5	-6.4
211	72580	4	5.4	4.0	-5.5	-6.4
211	72580	5	5.0	4.0	-5.5	-6.2
211	72580	6	5.2	4.0	-5.5	-6.5
211	72580	7	5.0	4.0	-5.5	-6.5
211	72580	8	5.0	4.0	-5.5	-6.2
211	72580	9	5.0	4.0	-5.5	-6.0
211	72580	10	5.0	4.0	-5.5	-6.3
211	72580	11	6.0	4.3	-5.9	-7.6
211	72580	12	7.0	5.0	-6.9	-8.9
211	73500	4	5.6	4.0	-5.5	-7.0
211	73500	5	5.5	4.0	-5.5	-7.1
211	73500	6	6.3	4.6	-6.1	-7.8
211	73500	7	5.9	4.3	-5.5	-7.0
211	73500	8	5.0	4.0	-5.5	-6.1
211	73500	9	5.0	4.0	-5.5	-6.0
211	73500	10	5.0	4.0	-5.5	-6.0
211	73500	11	5.1	4.0	-5.5	-7.0
211	73500	12	7.4	5.3	-6.9	-9.0
211	73550	4	7.5	5.6	-6.2	-8.1
211	73550	7	8.0	6.1	-5.5	-7.1
211	73550	8	8.3	6.3	-5.5	-7.3
211	73550	9	7.9	6.0	-5.7	-7.6
211	73550	10	8.0	6.0	-6.1	-8.1
211	73550	11	8.6	6.4	-7.0	-9.2
211	73550	12	9.6	7.1	-7.8	-10.3
211	74350	4	7.0	5.0	-7.2	-9.2
211	74350	5	6.1	4.3	-6.5	-8.2
211	74350	6	6.6	4.7	-6.7	-8.6
211	74350	7	6.4	4.5	-6.5	-8.4
211	74350	8	6.1	4.4	-6.3	-8.1
211	74350	9	5.8	4.1	-6.1	-7.8
211	74350	10	7.2	5.2	-6.9	-8.9
211	74350	11	7.9	5.6	-7.9	-10.1
211	74350	12	8.6	6.1	-8.9	-11.4
211	75220	4	8.5	6.4	-6.4	-8.5
211	75220	5	8.4	6.2	-7.5	-9.8
211	75220	6	8.9	6.5	-8.2	-10.6
211	75220	7	9.2	6.7	-8.3	-10.8
211	75220	8	8.4	6.2	-6.8	-8.9
211	75220	9	6.0	4.5	-5.5	-6.0
211	75220	10	5.8	4.4	-5.5	-6.0
211	75220	11	5.9	4.4	-5.5	-6.0
211	75220	12	6.6	4.9	-5.5	-7.0
211	75410	4	5.2	4.0	-5.5	-6.0
211	75410	5	5.6	4.1	-5.5	-6.3
211	75410	6	5.8	4.2	-5.5	-7.1
211	75410	7	5.7	4.1	-5.5	-6.4
211	75410	8	5.0	4.0	-5.5	-6.0
211	75410	9	5.0	4.0	-5.5	-6.0
211	75410	10	5.0	4.0	-5.5	-6.0
211	75410	11	5.0	4.0	-5.5	-6.0
211	75410	12	5.2	4.1	-5.5	-6.0
211	75550	4	5.0	4.0	-5.5	-6.0
211	75550	5	5.2	4.0	-5.5	-6.1
211	75550	6	5.5	4.0	-5.5	-6.8
211	75550	7	5.8	4.2	-5.5	-6.7
211	75550	8	5.0	4.0	-5.5	-6.0
211	75550	9	5.0	4.0	-5.5	-6.0
211	75550	10	5.0	4.0	-5.5	-6.0
211	75550	11	5.0	4.0	-5.5	-6.0
211	75550	12	5.0	4.0	-5.5	-6.0
211	76330	4	5.2	4.0	-5.6	-7.1
211	76330	5	5.6	4.0	-6.3	-8.0
211	76330	6	5.9	4.1	-6.6	-8.4
211	76330	7	6.7	4.7	-6.9	-8.9
211	76330	8	5.9	4.2	-6.0	-7.8
211	76330	9	5.0	4.0	-5.5	-6.0
211	76330	10	5.0	4.0	-5.5	-6.0
211	76330	11	5.0	4.0	-5.8	-7.3
211	76330	12	5.4	4.0	-6.7	-8.4
211	76450	4	5.5	4.1	-5.5	-6.2
211	76450	5	5.1	4.0	-5.5	-6.9
211	76450	6	5.0	4.0	-5.5	-7.0
211	76450	7	5.4	4.0	-5.6	-7.1
211	76450	8	5.0	4.0	-5.5	-6.0
211	76450	9	5.0	4.0	-5.5	-6.0
211	76450	10	5.0	4.0	-5.5	-6.0
211	76450	11	5.0	4.0	-5.5	-6.0
211	76450	12	5.5	4.0	-5.5	-6.2
211	76530	4	7.4	5.4	-6.4	-8.4
211	76530	5	7.9	5.6	-8.5	-10.9
211	76530	6	8.2	5.7	-8.5	-11.0
211	76530	7	8.7	6.1	-8.5	-11.0
211	76530	8	7.9	5.7	-7.6	-9.8
211	76530	9	5.5	4.1	-5.5	-6.0
211	76530	10	5.0	4.0	-5.5	-6.0
211	76530	11	5.0	4.0	-5.5	-6.0
211	76530	12	5.8	4.4	-5.5	-6.0
211	76750	4	5.4	4.0	-6.0	-7.6
211	76750	5	5.8	4.0	-7.2	-9.1
211	76750	6	5.9	4.0	-7.7	-9.6
211	76750	7	6.5	4.4	-7.9	-10.0
211	76750	8	5.9	4.1	-6.6	-8.4
211	76750	9	5.0	4.0	-5.5	-6.0
211	76750	10	5.0	4.0	-5.5	-6.0
211	76750	11	5.0	4.0	-5.5	-6.6
211	76750	12	5.0	4.0	-5.9	-7.5
211	76920	4	6.7	4.9	-5.8	-7.6
211	76920	5	6.7	4.9	-6.4	-8.2
211	76920	6	7.6	5.4	-7.5	-9.6
211	76920	7	5.0	4.0	-5.5	-6.0
211	76920	8	5.0	4.0	-5.5	-6.0
211	76920	9	5.0	4.0	-5.5	-6.0
211	76920	10	5.0	4.0	-5.5	-6.0
211	76920	11	5.0	4.0	-5.5	-6.0
211	76920	12	5.0	4.0	-5.5	-6.0
211	76923	4	7.0	5.2	-5.7	-7.5
211	76923	5	6.5	4.7	-6.3	-8.2
211	76923	6	7.0	5.0	-7.0	-9.0
211	76923	7	7.4	5.3	-7.3	-9.5
211	76923	8	7.2	5.2	-6.8	-8.8
211	76923	9	5.0	4.0	-5.5	-6.0
211	76923	10	5.0	4.0	-5.5	-6.0
211	76923	11	5.0	4.0	-5.5	-6.0
211	76923	12	5.0	4.0	-5.5	-6.0
211	76925	4	5.6	4.2	-5.5	-6.0
211	76925	5	6.2	4.4	-6.3	-8.1
211	76925	6	6.4	4.5	-7.0	-8.9
211	76925	7	6.0	4.1	-7.0	-8.9
211	76925	8	5.8	4.1	-6.0	-7.7
211	76925	9	5.4	4.0	-5.5	-6.0
211	76925	10	5.3	4.1	-5.5	-6.0
211	76925	11	5.0	4.0	-5.5	-6.0
211	76925	12	5.0	4.0	-5.5	-6.0
211	76926	4	6.4	4.6	-5.8	-7.6
211	76926	5	6.2	4.4	-6.3	-8.1
211	76926	6	6.5	4.6	-7.1	-9.0
211	76926	7	5.0	4.0	-5.5	-6.0
211	76926	8	5.0	4.0	-5.5	-6.0
211	76926	9	5.0	4.0	-5.5	-6.0
211	76926	10	5.0	4.0	-5.5	-6.0
211	76926	11	5.0	4.0	-5.5	-6.0
211	76926	12	5.0	4.0	-5.5	-6.0
211	76928	4	5.3	4.1	-5.5	-6.0
211	76928	5	6.2	4.6	-5.5	-6.0
211	76928	6	6.5	4.9	-5.5	-6.6
211	76928	7	6.2	4.7	-5.5	-6.2
211	76928	8	5.3	4.0	-5.5	-6.0
211	76928	9	5.0	4.0	-5.5	-6.0
211	76928	10	5.1	4.0	-5.5	-6.0
211	76928	11	5.0	4.0	-5.5	-6.0
211	76928	12	5.2	4.2	-5.5	-6.0
211	76930	4	5.0	4.0	-5.5	-6.0
211	76930	5	5.0	4.0	-5.5	-6.0
211	76930	6	5.0	4.0	-5.5	-6.0
211	76930	7	5.1	4.0	-5.5	-6.0
211	76930	8	5.0	4.0	-5.5	-6.0
211	76930	9	5.0	4.0	-5.5	-6.0
211	76930	10	5.0	4.0	-5.5	-6.0
211	76930	11	5.0	4.0	-5.5	-6.0
211	76930	12	5.0	4.0	-5.5	-6.0
211	77230	4	5.4	4.0	-6.9	-8.7
211	77230	5	5.1	4.0	-6.3	-8.0
211	77230	6	5.3	4.0	-6.2	-7.8
211	77230	7	5.6	4.0	-5.8	-7.4
211	77230	8	6.2	4.5	-6.1	-7.8
211	77230	9	6.0	4.2	-6.2	-8.0
211	77230	10	6.4	4.5	-6.5	-8.3
211	77230	11	7.4	5.3	-7.2	-9.3
211	77230	12	8.9	6.4	-8.4	-10.9
211	77425	4	9.7	7.1	-8.6	-11.2
211	77425	5	5.9	4.1	-6.4	-8.2
211	77425	6	5.9	4.1	-6.2	-7.9
211	77425	7	6.0	4.3	-6.2	-7.9
211	77425	8	5.9	4.2	-6.0	-7.7
211	77425	9	5.0	4.0	-5.7	-7.2
211	77425	10	5.9	4.2	-6.3	-8.0
211	77425	11	7.8	5.5	-7.7	-9.9
211	77425	12	10.3	7.6	-8.9	-11.7
211	78800	4	5.7	4.0	-5.9	-7.6
211	78800	5	5.0	4.0	-5.7	-7.1
211	78800	6	5.0	4.0	-6.1	-7.6
211	78800	7	5.0	4.0	-6.0	-7.5
211	78800	8	5.0	4.0	-5.5	-6.8
211	78800	9	5.0	4.0	-5.5	-6.0
211	78800	10	5.0	4.0	-5.5	-6.0
211	78800	11	5.0	4.0	-5.5	-6.8
211	78800	12	5.0	4.0	-5.8	-7.2
211	79600	4	6.3	4.5	-6.0	-7.7
211	79600	5	5.6	4.0	-5.5	-6.9
211	79600	6	5.7	4.1	-5.5	-6.7
211	79600	7	6.1	4.5	-5.5	-6.9
211	79600	8	6.0	4.4	-5.5	-7.0
211	79600	9	5.5	4.0	-5.5	-7.0
211	79600	10	5.9	4.2	-5.9	-7.6
211	79600	11	8.3	6.0	-7.9	-10.2
211	79600	12	10.0	7.3	-9.2	-11.9
211	80102	4	6.0	4.5	-5.5	-6.2
211	80102	5	5.9	4.2	-5.5	-7.1
211	80102	6	5.7	4.1	-5.8	-7.4
211	80102	7	5.9	4.3	-5.5	-6.7
211	80102	8	5.4	4.1	-5.5	-6.0
211	80102	9	5.2	4.1	-5.5	-6.0
211	80102	10	5.1	4.1	-5.5	-6.0
211	80102	11	5.3	4.3	-5.5	-6.0
211	80102	12	5.8	4.5	-5.5	-6.0
211	80610	4	5.0	4.0	-5.5	-6.0
211	80610	5	5.0	4.0	-5.5	-6.0
211	80610	6	5.0	4.0	-5.5	-6.0
211	80610	7	5.0	4.0	-5.5	-6.0
211	80610	8	5.0	4.0	-5.5	-6.0
211	80610	9	5.0	4.0	-5.5	-6.0
211	80610	10	5.0	4.0	-5.5	-6.0
211	80610	11	5.0	4.0	-5.5	-6.0
211	80610	12	5.1	4.0	-5.5	-6.0
211	80700	4	5.0	4.0	-9.7	-11.5
211	80700	5	5.0	4.0	-8.5	-11.0
211	80700	6	5.0	4.0	-8.5	-10.5
211	80700	7	5.0	4.0	-7.3	-9.0
211	80700	8	5.0	4.0	-7.8	-9.5
211	80700	9	5.0	4.0	-8.3	-9.9
211	80700	10	5.0	4.0	-8.5	-10.7
211	80700	11	5.0	4.0	-8.5	-11.0
211	80700	12	5.0	4.0	-10.5	-13.0
211	81680	4	5.0	4.0	-10.5	-13.0
211	81680	5	5.0	4.0	-8.5	-11.0
211	81680	6	5.9	4.0	-8.5	-11.0
211	81680	7	8.4	5.4	-8.5	-11.0
211	81680	8	8.2	5.3	-8.5	-11.0
211	81680	9	6.0	4.0	-8.5	-11.0
211	81680	10	6.2	4.0	-8.5	-11.0
211	81680	11	6.5	4.0	-8.5	-11.0
211	81680	12	7.4	4.4	-10.5	-13.0
211	82260	4	7.2	5.4	-5.5	-7.2
211	82260	5	7.3	5.3	-6.8	-8.8
211	82260	6	7.4	5.3	-7.4	-9.6
211	82260	7	8.4	6.1	-8.0	-10.4
211	82260	8	7.9	5.9	-6.6	-8.7
211	82260	9	5.6	4.2	-5.5	-6.0
211	82260	10	5.2	4.0	-5.5	-6.0
211	82260	11	5.6	4.2	-5.5	-6.0
211	82260	12	6.7	5.1	-5.5	-6.6
211	82290	4	8.1	6.1	-5.7	-7.7
211	82290	5	7.6	5.5	-7.0	-9.1
211	82290	6	7.6	5.5	-7.5	-9.7
211	82290	7	8.3	6.0	-7.8	-10.1
211	82290	8	8.1	6.0	-6.6	-8.7
211	82290	9	6.1	4.7	-5.5	-6.0
211	82290	10	6.4	5.1	-5.5	-6.0
211	82290	11	6.7	5.4	-5.5	-6.0
211	82290	12	8.3	6.6	-5.5	-6.0
211	82410	4	6.1	4.6	-5.5	-6.1
211	82410	5	5.7	4.1	-5.5	-6.9
211	82410	6	5.6	4.0	-5.5	-7.1
211	82410	7	5.8	4.2	-5.5	-7.0
211	82410	8	5.8	4.3	-5.5	-6.1
211	82410	9	5.3	4.1	-5.5	-6.0
211	82410	10	5.0	4.0	-5.5	-6.0
211	82410	11	5.0	4.0	-5.5	-6.0
211	82410	12	5.5	4.4	-5.5	-6.0
211	83710	4	7.2	5.3	-6.1	-8.0
211	83710	5	5.0	4.0	-5.5	-6.0
211	83710	6	5.0	4.0	-5.5	-6.0
211	83710	7	5.0	4.0	-5.5	-6.0
211	83710	8	5.0	4.0	-5.5	-6.0
211	83710	9	5.0	4.0	-5.5	-6.0
211	83710	10	6.1	4.5	-5.5	-6.5
211	83710	11	7.2	5.3	-6.2	-8.1
211	83710	12	8.6	6.3	-7.7	-10.0
211	84700	4	7.0	5.1	-6.4	-8.3
211	84700	5	6.4	4.4	-7.4	-9.4
211	84700	6	6.2	4.2	-7.6	-9.6
211	84700	7	6.3	4.3	-7.8	-9.8
211	84700	8	6.3	4.4	-7.1	-9.0
211	84700	9	5.4	4.0	-5.6	-7.1
211	84700	10	5.1	4.0	-5.5	-6.9
211	84700	11	5.3	4.0	-6.3	-7.9
211	84700	12	5.5	4.0	-6.9	-8.6
211	84970	4	8.9	6.7	-6.2	-8.4
211	84970	5	5.3	4.0	-5.5	-6.0
211	84970	6	5.3	4.0	-5.5	-6.0
211	84970	7	5.1	4.0	-5.5	-6.0
211	84970	8	5.0	4.0	-5.5	-6.0
211	84970	9	5.0	4.0	-5.5	-6.0
211	84970	10	6.7	5.0	-5.5	-6.7
211	84970	11	9.4	7.0	-6.9	-9.2
211	84970	12	10.6	8.0	-7.9	-10.6
211	85040	7	5.0	4.0	-5.5	-6.1
211	85040	8	5.0	4.0	-5.5	-6.0
211	85040	9	5.0	4.0	-5.5	-6.0
211	85040	10	5.0	4.0	-5.5	-6.0
211	85040	11	5.0	4.0	-5.5	-6.0
211	85040	12	5.0	4.0	-5.5	-6.0
211	85380	4	5.9	4.5	-5.5	-6.0
211	85380	5	5.5	4.0	-5.5	-6.5
211	85380	6	5.0	4.0	-5.5	-6.3
211	85380	7	5.0	4.0	-5.9	-7.4
211	85380	8	5.0	4.0	-5.6	-7.1
211	85380	9	5.0	4.0	-5.5	-6.0
211	85380	10	5.0	4.0	-5.5	-6.0
211	85380	11	5.0	4.0	-5.5	-6.0
211	85380	12	5.4	4.2	-5.5	-6.0
211	85450	4	5.0	4.0	-5.5	-6.3
211	85450	5	5.0	4.0	-5.5	-6.5
211	85450	6	5.0	4.0	-5.5	-6.6
211	85450	7	5.0	4.0	-5.5	-6.2
211	85450	8	5.0	4.0	-5.5	-6.0
211	85450	9	5.0	4.0	-5.5	-6.0
211	85450	10	5.0	4.0	-5.5	-6.0
211	85450	11	5.0	4.0	-5.5	-6.0
211	85450	12	5.0	4.0	-5.5	-6.0
211	85560	4	7.1	5.3	-5.6	-7.4
211	85560	5	5.2	4.0	-5.5	-6.7
211	85560	6	5.0	4.0	-5.5	-6.8
211	85560	7	5.0	4.0	-5.5	-6.4
211	85560	8	5.0	4.0	-5.5	-6.0
211	85560	9	5.0	4.0	-5.5	-6.0
211	85560	10	5.0	4.0	-5.5	-6.0
211	85560	11	5.0	4.0	-5.5	-6.0
211	85560	12	5.5	4.0	-5.5	-6.3
211	85840	4	5.0	4.0	-5.5	-6.0
211	85840	5	5.0	4.0	-5.5	-6.0
211	85840	6	5.0	4.0	-5.5	-6.0
211	85840	7	5.0	4.0	-5.5	-6.0
211	85840	8	5.0	4.0	-5.5	-6.0
211	85840	9	5.0	4.0	-5.5	-6.0
211	85840	10	5.0	4.0	-5.5	-6.0
211	85840	11	5.0	4.0	-5.5	-6.0
211	85840	12	5.0	4.0	-5.5	-6.0
211	85890	4	5.1	4.0	-5.5	-6.0
211	85890	5	5.0	4.0	-5.5	-6.0
211	85890	6	5.0	4.0	-5.5	-6.0
211	85890	7	5.0	4.0	-5.5	-6.0
211	85890	8	5.1	4.0	-5.5	-6.0
211	85890	9	5.0	4.0	-5.5	-6.0
211	85890	10	5.0	4.0	-5.5	-6.0
211	85890	11	5.0	4.0	-5.5	-6.0
211	85890	12	5.0	4.0	-5.5	-6.0
211	85891	4	5.0	4.0	-5.5	-6.0
211	85891	5	5.0	4.0	-5.5	-6.0
211	86500	4	5.3	4.0	-5.5	-6.4
211	86500	5	5.1	4.0	-5.5	-6.0
211	86500	6	5.0	4.0	-5.5	-6.0
211	86500	7	5.3	4.0	-5.5	-6.0
211	86500	8	5.3	4.0	-5.5	-6.0
211	86500	9	5.0	4.0	-5.5	-6.2
211	86500	10	5.0	4.0	-5.5	-6.8
211	86500	11	5.0	4.0	-5.7	-7.1
211	86500	12	5.0	4.0	-6.5	-8.1
211	86600	4	6.3	4.7	-5.5	-6.8
211	86600	5	5.0	4.0	-5.5	-6.4
211	86600	6	5.1	4.0	-5.5	-6.8
211	86600	7	5.0	4.0	-5.5	-6.4
211	86600	8	5.0	4.0	-5.5	-6.2
211	86600	9	5.0	4.0	-5.5	-6.0
211	86600	10	5.0	4.0	-5.5	-6.0
211	86600	11	5.0	4.0	-5.5	-6.4
211	86600	12	6.1	4.3	-6.3	-8.1
211	86740	4	6.4	4.8	-5.5	-6.4
211	86740	5	5.6	4.1	-5.5	-6.8
211	86740	6	5.5	4.0	-5.5	-7.0
211	86740	7	5.0	4.0	-5.5	-6.5
211	86740	8	5.0	4.0	-5.5	-6.0
211	86740	9	5.0	4.0	-5.5	-6.0
211	86740	10	5.0	4.0	-5.5	-6.0
211	86740	11	5.0	4.0	-5.5	-6.0
211	86740	12	5.0	4.0	-5.5	-6.0
211	87110	4	7.6	5.8	-5.5	-6.6
211	87110	5	5.0	4.0	-5.5	-6.0
211	87110	6	5.0	4.0	-5.5	-6.0
211	87110	7	5.0	4.0	-5.5	-6.0
211	87110	8	5.3	4.0	-5.5	-6.0
211	87110	9	5.1	4.0	-5.5	-6.0
211	87110	10	5.2	4.0	-5.5	-6.0
211	87110	11	6.1	4.7	-5.5	-6.0
211	87110	12	6.7	5.2	-5.5	-6.0
211	87111	4	6.9	5.3	-5.5	-6.0
211	87111	5	5.0	4.0	-5.5	-6.0
211	87111	6	5.0	4.0	-5.5	-6.0
211	87111	7	5.0	4.0	-5.5	-6.0
211	87111	8	5.1	4.0	-5.5	-6.0
211	87111	9	5.0	4.0	-5.5	-6.0
211	87111	10	5.0	4.0	-5.5	-6.0
211	87111	11	5.7	4.4	-5.5	-6.0
211	87111	12	6.0	4.6	-5.5	-6.0
211	87640	4	5.0	4.0	-5.5	-6.0
211	87640	5	5.0	4.0	-5.5	-6.0
211	87640	6	5.0	4.0	-5.5	-6.0
211	87640	7	5.0	4.0	-5.5	-6.7
211	87640	8	5.0	4.0	-5.5	-6.2
211	87640	9	5.0	4.0	-5.5	-6.0
211	87640	10	5.0	4.0	-5.5	-6.0
211	87640	11	5.0	4.0	-5.5	-6.0
211	87640	12	5.5	4.0	-5.5	-6.1
211	88200	4	5.6	4.0	-5.5	-6.7
211	88200	5	5.0	4.0	-5.5	-6.0
211	88200	6	5.0	4.0	-5.5	-6.1
211	88200	7	5.0	4.0	-5.5	-6.4
211	88200	8	5.0	4.0	-5.5	-6.1
211	88200	9	5.0	4.0	-5.5	-6.1
211	88200	10	6.1	4.4	-5.6	-7.3
211	88200	11	8.5	6.2	-7.7	-10.0
211	88200	12	9.4	6.9	-8.6	-11.1
211	88690	4	5.0	4.0	-5.5	-6.0
211	88690	5	5.0	4.0	-5.5	-6.0
211	88690	6	5.0	4.0	-5.5	-6.0
211	88690	7	5.0	4.0	-5.5	-6.0
211	88690	8	5.0	4.0	-5.5	-6.0
211	88690	9	5.0	4.0	-5.5	-6.0
211	88690	10	5.0	4.0	-5.5	-6.0
211	88690	11	5.0	4.0	-5.5	-6.0
211	88690	12	5.0	4.0	-5.5	-6.0
211	89350	4	8.9	6.6	-7.3	-9.6
211	89350	5	5.4	4.0	-5.5	-7.0
211	89350	6	5.1	4.0	-5.5	-6.5
211	89350	7	7.6	5.6	-5.9	-7.8
211	89350	8	8.5	6.4	-6.6	-8.8
211	89350	9	7.7	5.7	-6.5	-8.5
211	89350	10	9.5	7.0	-7.3	-9.7
211	89350	11	10.0	7.0	-8.5	-11.0
211	89350	12	12.0	9.0	-10.1	-13.0
211	89351	4	8.8	6.5	-7.2	-9.5
211	89351	5	5.3	4.0	-5.5	-6.8
211	89351	6	5.0	4.0	-5.5	-6.3
211	89351	7	7.5	5.6	-5.8	-7.7
211	89351	8	8.0	6.0	-6.3	-8.3
211	89351	9	7.0	5.1	-6.0	-7.9
211	89351	10	9.1	6.8	-7.0	-9.2
211	89351	11	10.0	7.0	-8.5	-11.0
211	89351	12	12.0	9.0	-9.6	-13.0
211	89950	4	5.0	4.0	-10.0	-12.1
211	89950	5	5.8	4.0	-8.5	-11.0
211	89950	6	7.0	4.5	-8.5	-11.0
211	89950	7	7.5	5.1	-8.5	-11.0
211	89950	8	6.8	4.5	-8.5	-11.0
211	89950	9	7.1	4.9	-8.4	-10.6
211	89950	10	7.9	5.5	-8.5	-11.0
211	89950	11	9.1	6.3	-8.5	-11.0
211	89950	12	8.8	5.8	-10.5	-13.0
211	90400	4	5.1	4.0	-5.5	-6.2
211	90400	5	5.0	4.0	-5.5	-6.8
211	90400	6	5.0	4.0	-5.5	-7.0
211	90400	7	5.0	4.0	-5.7	-7.2
211	90400	8	5.0	4.0	-5.5	-6.6
211	90400	9	5.0	4.0	-5.5	-6.1
211	90400	10	5.0	4.0	-5.5	-6.0
211	90400	11	5.0	4.0	-5.5	-6.8
211	90400	12	5.0	4.0	-5.8	-7.3
211	90450	4	5.6	4.1	-5.5	-6.0
211	90450	5	5.3	4.0	-5.5	-6.6
211	90450	6	5.0	4.0	-5.5	-6.8
211	90450	7	5.0	4.0	-5.6	-7.1
211	90450	8	5.2	4.0	-5.5	-6.6
211	90450	9	5.0	4.0	-5.5	-6.0
211	90450	10	5.0	4.0	-5.5	-6.0
211	90450	11	5.0	4.0	-5.5	-6.1
211	90450	12	5.4	4.0	-5.5	-6.7
211	90490	4	6.0	4.4	-5.5	-6.2
211	90490	5	5.0	4.0	-5.5	-6.0
211	90490	6	5.0	4.0	-5.5	-6.0
211	90490	7	5.0	4.0	-5.5	-6.2
211	90490	8	5.0	4.0	-5.5	-6.1
211	90490	9	5.2	4.0	-5.5	-6.0
211	90490	10	5.2	4.0	-5.5	-6.1
211	90490	11	5.8	4.1	-5.7	-7.3
211	90490	12	6.3	4.5	-6.3	-8.1
211	90800	4	5.0	4.0	-5.5	-6.0
211	90800	5	5.0	4.0	-5.5	-6.0
211	90800	6	5.0	4.0	-5.5	-6.0
211	90800	7	5.0	4.0	-5.5	-6.4
211	90800	8	5.0	4.0	-5.5	-6.2
211	90800	9	5.0	4.0	-5.5	-6.0
211	90800	10	5.0	4.0	-5.5	-6.0
211	90800	11	5.0	4.0	-5.9	-7.4
211	90800	12	5.0	4.0	-6.2	-7.8
211	91380	4	7.1	4.5	-10.5	-13.0
211	91380	5	5.4	4.0	-8.5	-11.0
211	91380	6	5.3	4.0	-8.5	-11.0
211	91380	7	5.2	4.0	-8.5	-11.0
211	91380	8	7.4	4.9	-8.5	-11.0
211	91380	9	7.8	5.2	-8.5	-11.0
211	91380	10	8.3	5.6	-8.5	-11.0
211	91380	11	6.8	4.4	-8.5	-11.0
211	91380	12	6.5	4.0	-10.5	-13.0
211	91740	4	5.2	4.0	-5.7	-7.3
211	91740	5	5.0	4.0	-5.7	-7.1
211	91740	6	5.0	4.0	-5.6	-7.1
211	91740	7	5.0	4.0	-5.8	-7.3
211	91740	8	5.0	4.0	-5.9	-7.4
211	91740	9	5.0	4.0	-5.7	-7.2
211	91740	10	5.8	4.1	-6.4	-8.1
211	91740	11	6.9	4.8	-7.5	-9.6
211	91740	12	7.7	5.4	-8.3	-10.6
211	92350	4	5.0	4.0	-5.5	-6.4
211	92350	5	5.0	4.0	-5.5	-6.0
211	92350	6	5.0	4.0	-5.5	-6.0
211	92350	7	5.0	4.0	-5.5	-6.8
211	92350	8	5.0	4.0	-5.7	-7.0
211	92350	9	5.0	4.0	-6.1	-7.5
211	92350	10	5.0	4.0	-7.2	-8.8
211	92350	11	5.0	4.0	-7.9	-9.4
211	92350	12	5.0	4.0	-8.6	-10.3
211	92750	4	5.0	4.0	-5.5	-6.0
211	92750	5	5.0	4.0	-5.5	-6.0
211	92750	6	5.0	4.0	-5.5	-6.0
211	92750	7	5.0	4.0	-5.5	-6.2
211	92750	8	5.3	4.0	-5.5	-6.5
211	92750	9	5.0	4.0	-5.5	-6.0
211	92750	10	5.0	4.0	-5.5	-6.0
211	92750	11	5.0	4.0	-5.5	-6.0
211	92750	12	5.2	4.0	-5.5	-6.0
211	93000	7	8.7	7.0	-5.5	-6.0
211	93000	8	8.8	7.0	-5.5	-6.0
211	93000	9	8.3	6.6	-5.5	-6.0
211	93000	10	7.9	6.3	-5.5	-6.0
211	93000	11	7.6	6.1	-5.5	-6.0
211	93000	12	7.9	6.2	-5.5	-6.0
211	93140	4	6.1	4.5	-5.5	-6.9
211	93140	5	5.0	4.0	-5.5	-6.2
211	93140	6	5.0	4.0	-5.5	-6.0
211	93140	7	5.0	4.0	-5.5	-6.6
211	93140	8	5.0	4.0	-5.5	-6.5
211	93140	9	5.0	4.0	-5.5	-6.2
211	93140	10	5.0	4.0	-5.5	-6.9
211	93140	11	6.2	4.4	-6.3	-8.0
211	93140	12	6.8	4.9	-7.0	-9.0
211	93301	4	12.0	9.0	-8.7	-12.0
211	93301	5	10.0	7.0	-7.2	-9.7
211	93301	6	6.9	5.2	-5.5	-7.1
211	93301	7	5.4	4.0	-5.5	-6.2
211	93301	8	5.3	4.0	-5.5	-6.3
211	93301	9	6.5	4.8	-5.5	-6.8
211	93301	10	10.0	7.0	-7.6	-10.2
211	93301	11	10.0	7.0	-8.5	-11.0
211	93301	12	12.0	9.0	-10.5	-13.0
211	93700	4	12.0	9.0	-8.6	-11.8
211	93700	5	9.9	7.0	-7.1	-9.5
211	93700	6	7.3	5.4	-6.1	-8.0
211	93700	7	6.3	4.7	-5.5	-6.2
211	93700	8	6.6	5.0	-5.5	-6.4
211	93700	9	7.1	5.4	-5.5	-6.7
211	93700	10	10.0	7.0	-8.3	-11.0
211	93700	11	10.0	7.0	-8.5	-11.0
211	93700	12	12.0	9.0	-10.5	-13.0
211	93900	4	12.0	9.0	-7.6	-10.5
211	93900	5	9.0	6.8	-6.1	-8.2
211	93900	7	6.1	4.6	-5.5	-6.0
211	93900	8	6.5	4.8	-5.5	-6.4
211	93900	9	6.9	5.2	-5.5	-6.9
211	93900	10	10.0	7.0	-7.8	-10.6
211	93900	11	10.0	7.0	-8.3	-11.0
211	93900	12	12.0	9.0	-10.5	-13.0
211	94280	4	5.1	4.0	-5.5	-6.0
211	94280	5	5.5	4.2	-5.5	-6.0
211	94280	6	5.6	4.3	-5.5	-6.0
211	94280	7	5.9	4.3	-5.5	-6.7
211	94280	8	5.6	4.1	-5.5	-6.4
211	94280	9	5.0	4.0	-5.5	-6.0
211	94280	10	5.0	4.0	-5.5	-6.0
211	94280	11	5.0	4.0	-5.5	-6.0
211	94280	12	5.0	4.0	-5.5	-6.0
211	94500	4	5.0	4.0	-5.5	-6.0
211	94500	5	5.0	4.0	-5.5	-6.0
211	94500	6	5.0	4.0	-5.5	-6.0
211	94500	7	5.3	4.0	-5.5	-6.0
211	94500	8	5.2	4.0	-5.5	-6.0
211	94500	9	5.0	4.0	-5.5	-6.0
211	94500	10	5.0	4.0	-5.5	-6.0
211	94500	11	5.0	4.0	-5.5	-6.0
211	94500	12	5.0	4.0	-5.5	-6.0
211	94680	4	5.0	4.0	-5.5	-6.0
211	94680	5	5.0	4.0	-5.5	-6.0
211	94680	6	5.0	4.0	-5.5	-6.0
211	94680	7	5.0	4.0	-5.5	-6.0
211	94680	8	5.0	4.0	-5.5	-6.0
211	94680	9	5.0	4.0	-5.5	-6.0
211	94680	10	5.0	4.0	-5.5	-6.0
211	94680	11	5.0	4.0	-5.5	-6.0
211	94680	12	5.0	4.0	-5.5	-6.0
211	95350	4	7.7	5.6	-6.8	-8.9
211	95350	5	6.3	4.6	-6.1	-7.8
211	95350	6	5.8	4.1	-5.9	-7.6
211	95350	7	5.0	4.0	-5.5	-6.6
211	95350	8	5.0	4.0	-5.5	-6.8
211	95350	9	5.0	4.0	-5.5	-6.8
211	95350	10	6.0	4.2	-6.9	-8.8
211	95350	11	6.9	4.8	-7.7	-9.8
211	95350	12	7.8	5.4	-8.8	-11.2
211	96310	4	6.0	4.5	-5.5	-6.0
211	96310	5	5.2	4.0	-5.5	-6.0
211	96310	6	5.0	4.0	-5.5	-6.0
211	96310	7	5.0	4.0	-5.5	-6.0
211	96310	8	5.0	4.0	-5.5	-6.0
211	96310	9	5.0	4.0	-5.5	-6.0
211	96310	10	5.0	4.0	-5.5	-6.3
211	96310	11	5.0	4.0	-5.6	-7.1
211	96310	12	5.0	4.0	-6.2	-7.8
211	96400	4	5.9	4.6	-5.5	-6.0
211	96400	5	5.0	4.0	-5.5	-6.0
211	96400	6	5.0	4.0	-5.5	-6.0
211	96400	7	5.0	4.0	-5.5	-6.0
211	96400	8	5.0	4.0	-5.5	-6.0
211	96400	9	5.0	4.0	-5.5	-6.0
211	96400	10	5.0	4.0	-5.5	-6.0
211	96400	11	5.0	4.0	-5.5	-6.0
211	96400	12	5.0	4.0	-5.5	-6.0
211	96800	4	11.2	8.5	-7.8	-10.5
211	96800	5	7.0	5.1	-6.3	-8.2
211	96800	6	5.0	4.0	-5.5	-6.1
211	96800	7	5.0	4.0	-5.5	-6.0
211	96800	8	5.0	4.0	-5.5	-6.7
211	96800	9	6.6	4.8	-5.7	-7.5
211	96800	10	10.0	7.0	-8.5	-11.0
211	96800	11	10.0	7.0	-8.5	-11.0
211	96800	12	12.0	9.0	-10.5	-13.0
211	97251	4	11.6	8.6	-9.1	-12.0
211	97251	5	8.8	6.4	-7.6	-10.0
211	97251	6	7.0	5.0	-6.7	-8.7
211	97251	7	7.0	5.2	-5.9	-7.7
211	97251	8	7.9	5.9	-6.2	-8.3
211	97251	9	8.4	6.3	-6.4	-8.5
211	97251	10	10.0	7.0	-8.5	-11.0
211	97251	11	10.0	7.0	-8.5	-11.0
211	97251	12	12.0	9.0	-10.5	-13.0
211	97350	4	11.4	8.7	-8.0	-10.7
211	97350	5	7.2	5.4	-5.7	-7.5
211	97350	6	6.1	4.5	-5.5	-6.7
211	97350	7	5.9	4.4	-5.5	-6.5
211	97350	8	6.0	4.4	-5.5	-6.8
211	97350	9	6.5	4.8	-5.5	-7.0
211	97350	10	10.0	7.0	-8.4	-11.0
211	97350	11	10.0	7.0	-8.5	-11.0
211	97350	12	12.0	9.0	-10.5	-13.0
211	98090	4	5.1	4.0	-5.5	-6.0
211	98090	5	5.0	4.0	-5.5	-6.0
211	98090	6	5.0	4.0	-5.5	-6.0
211	98090	7	5.0	4.0	-5.5	-6.0
211	98090	8	5.0	4.0	-5.5	-6.0
211	98090	9	5.0	4.0	-5.5	-6.0
211	98090	10	5.0	4.0	-5.5	-6.0
211	98090	11	5.0	4.0	-5.5	-6.0
211	98090	12	5.0	4.0	-5.5	-6.0
211	98360	4	5.4	4.0	-5.5	-6.0
211	98360	5	5.1	4.0	-5.5	-6.0
211	98360	6	5.3	4.0	-5.5	-6.0
211	98360	7	5.0	4.0	-5.5	-6.0
211	98360	8	5.0	4.0	-5.5	-6.0
211	98360	9	5.0	4.0	-5.5	-6.0
211	98360	10	5.0	4.0	-5.5	-6.0
211	98360	11	5.0	4.0	-5.5	-6.7
211	98360	12	5.0	4.0	-5.6	-7.0
211	98400	4	5.0	4.0	-5.5	-6.0
211	98400	5	5.0	4.0	-5.5	-6.0
211	98400	6	5.0	4.0	-5.5	-6.0
211	98400	7	5.0	4.0	-5.5	-6.0
211	98400	8	5.0	4.0	-5.5	-6.0
211	98400	9	5.0	4.0	-5.5	-6.0
211	98400	10	5.0	4.0	-5.5	-6.0
211	98400	11	5.0	4.0	-5.5	-6.0
211	98400	12	5.4	4.0	-5.5	-6.0
211	98550	4	5.0	4.0	-5.5	-6.0
211	98550	5	5.0	4.0	-5.5	-6.0
211	98550	6	5.0	4.0	-5.5	-6.0
211	98550	7	5.0	4.0	-5.5	-6.0
211	98550	8	5.0	4.0	-5.5	-6.0
211	98550	9	5.0	4.0	-5.5	-6.0
211	98550	10	5.0	4.0	-5.5	-6.0
211	98550	11	5.0	4.0	-5.5	-6.0
211	98550	12	5.0	4.0	-5.5	-6.0
211	98580	4	6.2	4.8	-5.5	-6.0
211	98580	5	5.0	4.0	-5.5	-6.0
211	98580	6	5.0	4.0	-5.5	-6.0
211	98580	7	5.0	4.0	-5.5	-6.0
211	98580	8	5.0	4.0	-5.5	-6.0
211	98580	9	5.0	4.0	-5.5	-6.0
211	98580	10	5.0	4.0	-5.5	-6.0
211	98580	11	5.0	4.0	-5.5	-6.0
211	98580	12	5.9	4.6	-5.5	-6.0
211	98790	4	7.1	5.6	-5.5	-6.0
211	98790	5	7.3	5.6	-5.5	-6.8
211	98790	6	6.3	4.7	-5.5	-6.8
211	98790	7	6.4	4.7	-5.9	-7.7
211	98790	8	6.4	4.7	-5.5	-7.0
211	98790	9	5.5	4.2	-5.5	-6.0
211	98790	10	5.8	4.5	-5.5	-6.0
211	98790	11	5.7	4.3	-5.5	-6.0
211	98790	12	6.3	4.8	-5.5	-6.0
211	99370	4	8.3	6.4	-5.5	-6.7
211	99370	5	6.2	4.7	-5.5	-6.0
211	99370	6	6.1	4.5	-5.5	-6.5
211	99370	7	5.7	4.2	-5.5	-6.1
211	99370	8	5.1	4.0	-5.5	-6.0
211	99370	9	5.0	4.0	-5.5	-6.0
211	99370	10	5.9	4.4	-5.5	-6.0
211	99370	11	7.1	5.3	-5.5	-6.7
211	99370	12	9.5	7.2	-6.5	-8.8
211	99710	4	5.9	4.4	-5.5	-6.6
211	99710	5	5.0	4.0	-5.5	-6.0
211	99710	6	5.0	4.0	-5.5	-6.0
211	99710	7	5.0	4.0	-5.5	-6.0
211	99710	8	5.0	4.0	-5.5	-6.0
211	99710	9	5.0	4.0	-5.5	-6.0
211	99710	10	5.0	4.0	-5.5	-6.0
211	99710	11	5.0	4.0	-5.5	-6.0
211	99710	12	7.9	5.7	-7.4	-9.6
211	99720	4	9.0	6.7	-7.5	-9.9
211	99720	5	7.3	5.3	-6.9	-8.9
211	99720	6	6.0	4.3	-6.3	-8.1
211	99720	7	5.6	4.0	-6.4	-8.2
211	99720	8	5.4	4.0	-5.7	-7.3
211	99720	9	5.4	4.0	-5.5	-6.2
211	99720	10	5.2	4.0	-5.5	-6.2
211	99720	11	6.6	4.8	-6.6	-8.5
211	99720	12	6.8	4.7	-7.9	-10.0
211	99735	4	12.0	9.0	-10.5	-13.0
211	99735	5	10.0	7.0	-5.6	-7.9
211	99735	6	7.7	6.2	-5.5	-6.0
211	99735	7	7.4	5.8	-5.5	-6.0
211	99735	8	6.3	4.8	-5.5	-6.0
211	99735	9	7.3	5.3	-7.0	-9.1
211	99735	10	10.0	7.0	-8.5	-11.0
211	99735	11	10.0	7.0	-8.5	-11.0
211	99735	12	10.6	7.0	-10.5	-13.0
211	99754	4	6.6	4.7	-6.6	-8.5
211	99754	5	5.1	4.0	-5.5	-6.3
211	99754	6	5.0	4.0	-5.5	-6.0
211	99754	7	5.0	4.0	-5.5	-6.6
211	99754	8	5.0	4.0	-5.5	-6.7
211	99754	9	5.0	4.0	-5.5	-7.0
211	99754	10	5.1	4.0	-6.5	-8.2
211	99754	11	5.7	4.0	-7.6	-9.5
211	99754	12	7.0	4.7	-9.7	-12.1
211	99760	4	9.8	6.8	-10.5	-13.0
211	99760	5	7.7	5.5	-7.9	-10.2
211	99760	6	6.6	4.8	-6.4	-8.3
211	99760	7	5.0	4.0	-7.3	-9.0
211	99760	8	5.0	4.0	-7.6	-9.3
211	99760	9	5.0	4.0	-8.5	-11.0
211	99760	10	5.0	4.0	-8.5	-11.0
211	99760	11	5.7	4.0	-8.5	-11.0
211	99760	12	7.8	4.7	-10.5	-13.0
211	99840	4	5.8	4.0	-7.2	-9.0
211	99840	5	5.0	4.0	-5.7	-7.1
211	99840	6	5.0	4.0	-5.5	-6.5
211	99840	7	5.0	4.0	-6.3	-7.7
211	99840	8	5.0	4.0	-6.5	-7.9
211	99840	9	5.0	4.0	-7.6	-9.4
211	99840	10	5.1	4.0	-8.5	-10.6
211	99840	11	5.9	4.0	-8.5	-11.0
211	99840	12	6.5	4.1	-10.0	-12.3
211	99910	4	6.0	4.5	-5.5	-6.2
211	99910	5	5.5	4.1	-5.5	-6.0
211	99910	6	5.3	4.0	-5.5	-6.0
211	99910	7	5.0	4.0	-5.5	-6.9
211	99910	8	5.0	4.0	-6.0	-7.6
211	99910	9	5.4	4.0	-6.5	-8.3
211	99910	10	6.6	4.6	-7.7	-9.8
211	99910	11	6.2	4.2	-7.6	-9.6
211	99910	12	7.3	5.1	-8.4	-10.7
211	99935	7	5.0	4.0	-5.5	-6.0
211	99935	8	5.0	4.0	-5.5	-6.0
211	99935	9	9.4	7.0	-5.5	-7.6
211	99935	10	10.0	7.0	-6.3	-8.8
211	99935	11	10.0	7.0	-6.4	-9.0
211	99935	12	8.4	6.5	-5.5	-7.0
211	99950	4	5.0	4.0	-5.5	-6.0
211	99950	5	5.0	4.0	-5.5	-6.0
211	99950	6	5.0	4.0	-5.5	-6.0
211	99950	7	5.0	4.0	-5.5	-6.0
211	99950	8	5.0	4.0	-5.5	-6.0
211	99950	9	5.0	4.0	-5.5	-6.0
211	99950	10	5.0	4.0	-5.5	-6.0
211	99950	11	5.0	4.0	-5.5	-6.0
211	99950	12	5.0	4.0	-5.5	-6.0
211	212400	4	12.0	9.0	-8.7	-11.6
211	212400	5	9.1	6.6	-8.2	-10.6
211	212400	6	8.4	6.0	-8.3	-10.7
211	212400	7	8.5	6.3	-7.4	-9.7
211	212400	8	7.8	5.9	-5.7	-7.6
211	212400	9	6.6	5.1	-5.5	-6.0
211	212400	10	9.5	7.0	-5.5	-6.7
211	212400	11	10.0	7.0	-7.7	-10.9
211	212400	12	12.0	9.0	-9.6	-13.0
211	215100	4	9.9	7.5	-6.7	-9.1
211	215100	5	8.8	6.7	-5.9	-8.0
211	215100	6	8.5	6.5	-5.5	-7.2
211	215100	7	8.3	6.4	-5.5	-7.0
211	215100	8	8.3	6.4	-5.5	-7.2
211	215100	9	8.5	6.5	-5.5	-7.5
211	215100	10	9.9	7.0	-6.4	-8.7
211	215100	11	10.0	7.0	-7.6	-10.3
211	215100	12	11.7	8.9	-8.1	-11.0
211	218600	4	8.4	6.1	-7.6	-9.9
211	218600	5	7.7	5.5	-7.7	-9.9
211	218600	6	7.5	5.4	-7.5	-9.6
211	218600	7	5.5	4.1	-5.5	-6.2
211	218600	8	5.4	4.1	-5.5	-6.0
211	218600	9	6.0	4.6	-5.5	-6.0
211	218600	10	7.9	6.1	-5.5	-6.4
211	218600	11	9.1	6.9	-5.9	-8.0
211	218600	12	9.6	7.2	-7.1	-9.5
211	220600	4	6.9	5.2	-5.5	-6.5
211	220600	5	5.7	4.3	-5.5	-6.0
211	220600	6	5.5	4.2	-5.5	-6.0
211	220600	7	5.8	4.4	-5.5	-6.0
211	220600	8	6.0	4.5	-5.5	-6.0
211	220600	9	5.2	4.0	-5.5	-6.0
211	220600	10	5.0	4.0	-5.5	-6.0
211	220600	11	5.2	4.0	-5.5	-6.1
211	220600	12	8.1	6.0	-6.4	-8.5
211	222600	4	7.9	5.9	-6.5	-8.6
211	222600	5	7.7	5.5	-7.5	-9.7
211	222600	6	8.4	6.0	-8.3	-10.7
211	222600	7	7.9	5.7	-7.1	-9.2
211	222600	8	6.5	4.8	-5.5	-7.1
211	222600	9	5.0	4.0	-5.5	-6.0
211	222600	10	5.0	4.0	-5.5	-6.0
211	222600	11	6.5	4.9	-5.5	-6.2
211	222600	12	8.2	6.2	-5.5	-7.2
211	230800	4	5.6	4.2	-5.5	-6.0
211	230800	5	6.0	4.4	-5.5	-6.2
211	230800	6	6.3	4.7	-5.5	-6.5
211	230800	7	6.4	4.9	-5.5	-6.0
211	230800	8	6.2	4.7	-5.5	-6.0
211	230800	9	5.5	4.1	-5.5	-6.0
211	230800	10	5.2	4.0	-5.5	-6.0
211	230800	11	5.8	4.3	-5.5	-6.4
211	230800	12	6.9	5.1	-6.0	-7.8
211	232400	4	6.9	5.1	-5.5	-7.2
211	232400	5	7.1	5.3	-5.5	-7.2
211	232400	6	7.8	5.9	-5.8	-7.7
211	232400	7	7.2	5.5	-5.5	-6.9
211	232400	8	6.9	5.2	-5.5	-6.6
211	232400	9	6.2	4.6	-5.5	-6.2
211	232400	10	6.1	4.5	-5.5	-6.7
211	232400	11	7.6	5.5	-6.7	-8.7
211	232400	12	8.8	6.4	-7.7	-10.1
211	236600	4	7.2	5.3	-6.3	-8.3
211	236600	5	7.5	5.5	-6.9	-9.0
211	236600	6	7.3	5.2	-6.9	-8.9
211	236600	7	6.6	4.9	-5.5	-7.2
211	236600	8	6.1	4.6	-5.5	-6.1
211	236600	9	6.2	4.7	-5.5	-6.0
211	236600	10	7.1	5.3	-5.5	-7.1
211	236600	11	8.6	6.5	-5.9	-8.0
211	236600	12	9.8	7.5	-6.5	-8.8
211	241000	4	8.6	6.5	-6.1	-8.2
211	241000	5	7.8	5.9	-5.6	-7.6
211	241000	6	8.0	6.0	-5.8	-7.8
211	241000	7	7.3	5.5	-5.5	-7.0
211	241000	8	7.5	5.7	-5.5	-6.9
211	241000	9	7.0	5.3	-5.5	-6.8
211	241000	10	7.2	5.4	-5.5	-7.3
211	241000	11	8.8	6.6	-6.4	-8.5
211	241000	12	10.9	8.3	-7.3	-9.9
211	241800	4	5.5	4.1	-5.5	-6.0
211	241800	5	6.3	4.7	-5.5	-6.0
211	241800	6	6.4	4.9	-5.5	-6.0
211	241800	7	6.1	4.7	-5.5	-6.0
211	241800	8	5.7	4.3	-5.5	-6.0
211	241800	9	5.2	4.0	-5.5	-6.0
211	241800	10	5.5	4.2	-5.5	-6.0
211	241800	11	5.9	4.5	-5.5	-6.0
211	241800	12	5.8	4.4	-5.5	-6.0
211	243500	4	5.4	4.0	-5.5	-6.0
211	243500	5	6.1	4.6	-5.5	-6.0
211	243500	6	6.3	4.9	-5.5	-6.0
211	243500	7	6.6	5.1	-5.5	-6.0
211	243500	8	6.2	4.7	-5.5	-6.0
211	243500	9	5.0	4.0	-5.5	-6.0
211	243500	10	5.0	4.0	-5.5	-6.0
211	243500	11	5.5	4.0	-5.5	-6.1
211	243500	12	6.4	4.7	-5.5	-7.3
211	246400	4	5.3	4.0	-5.7	-7.3
211	246400	5	6.1	4.4	-6.1	-7.8
211	246400	6	6.7	4.9	-5.9	-7.7
211	246400	7	6.3	4.7	-5.5	-6.3
211	246400	8	6.1	4.6	-5.5	-6.0
211	246400	9	5.6	4.2	-5.5	-6.0
211	246400	10	5.4	4.0	-5.5	-6.0
211	246400	11	5.1	4.0	-5.5	-6.0
211	246400	12	5.0	4.0	-5.5	-6.0
211	250000	4	6.7	4.9	-6.0	-7.8
211	250000	5	6.9	5.0	-6.6	-8.6
211	250000	6	7.7	5.6	-7.2	-9.4
211	250000	7	7.0	5.2	-5.5	-7.3
211	250000	8	6.8	5.1	-5.5	-6.3
211	250000	9	5.3	4.2	-5.5	-6.0
211	250000	10	5.0	4.0	-5.5	-6.0
211	250000	11	5.3	4.2	-5.5	-6.0
211	250000	12	5.3	4.2	-5.5	-6.0
211	261600	4	7.0	5.0	-6.5	-8.5
211	261600	5	7.3	5.2	-7.3	-9.3
211	261600	6	8.2	5.9	-7.9	-10.2
211	261600	7	6.3	4.6	-5.5	-7.1
211	261600	8	5.7	4.3	-5.5	-6.0
211	261600	9	5.0	4.0	-5.5	-6.0
211	261600	10	5.0	4.0	-5.5	-6.0
211	261600	11	5.0	4.0	-5.5	-6.0
211	261600	12	5.0	4.0	-5.5	-6.0
211	280700	4	10.8	8.2	-7.3	-9.9
211	280700	5	8.0	6.0	-6.0	-8.0
211	280700	6	6.9	5.2	-5.5	-7.2
211	280700	7	6.4	4.8	-5.5	-6.4
211	280700	8	6.1	4.6	-5.5	-6.2
211	280700	9	5.8	4.3	-5.5	-6.1
211	280700	10	7.8	5.9	-5.6	-7.5
211	280700	11	8.7	6.6	-6.4	-8.6
211	280700	12	11.6	8.8	-8.3	-11.1
211	283600	4	12.0	9.0	-8.9	-12.0
211	283600	5	9.0	6.7	-7.3	-9.6
211	283600	6	8.3	6.2	-6.6	-8.7
211	283600	7	6.9	5.2	-5.5	-6.9
211	283600	8	6.1	4.6	-5.5	-6.0
211	283600	9	5.6	4.2	-5.5	-6.0
211	283600	10	7.3	5.5	-5.5	-6.9
211	283600	11	8.3	6.3	-5.8	-7.8
211	283600	12	10.7	8.2	-7.3	-9.9
211	284500	4	7.1	5.3	-5.5	-6.9
211	284500	5	7.2	5.4	-5.5	-7.2
211	284500	6	7.8	5.9	-5.7	-7.6
211	284500	7	6.8	5.2	-5.5	-6.1
211	284500	8	5.8	4.4	-5.5	-6.0
211	284500	9	5.2	4.0	-5.5	-6.0
211	284500	10	5.0	4.0	-5.5	-6.0
211	284500	11	5.3	4.1	-5.5	-6.0
211	284500	12	8.2	6.1	-6.3	-8.4
211	284900	4	11.2	8.5	-8.1	-10.8
211	284900	5	8.4	6.3	-6.5	-8.6
211	284900	6	8.3	6.3	-5.9	-8.0
211	284900	7	7.5	5.6	-5.5	-7.1
211	284900	8	6.7	5.1	-5.5	-6.5
211	284900	9	6.1	4.6	-5.5	-6.0
211	284900	10	5.9	4.5	-5.5	-6.0
211	284900	11	6.2	4.6	-5.5	-6.4
211	284900	12	12.0	9.0	-8.6	-11.5
211	288900	4	9.7	7.4	-6.0	-8.2
211	288900	5	8.6	6.6	-5.5	-7.4
211	288900	6	8.3	6.4	-5.5	-6.6
211	288900	7	6.5	5.0	-5.5	-6.0
211	288900	8	6.1	4.7	-5.5	-6.0
211	288900	9	5.5	4.3	-5.5	-6.0
211	288900	10	5.1	4.0	-5.5	-6.0
211	288900	11	5.3	4.1	-5.5	-6.0
211	288900	12	7.6	5.8	-5.5	-6.8
211	289700	4	9.1	6.9	-6.5	-8.8
211	289700	5	7.9	5.9	-5.9	-7.9
211	289700	6	8.1	6.1	-5.6	-7.6
211	289700	7	7.4	5.6	-5.5	-6.8
211	289700	8	7.1	5.5	-5.5	-6.3
211	289700	9	6.0	4.6	-5.5	-6.0
211	289700	10	5.5	4.3	-5.5	-6.0
211	289700	11	5.8	4.4	-5.5	-6.0
211	289700	12	10.0	7.7	-5.7	-7.9
211	294400	4	7.0	5.2	-5.5	-7.0
211	294400	5	7.6	5.7	-5.8	-7.7
211	294400	6	8.1	6.1	-6.1	-8.1
211	294400	7	7.3	5.6	-5.5	-6.1
211	294400	8	6.9	5.3	-5.5	-6.0
211	294400	9	5.8	4.5	-5.5	-6.0
211	294400	10	5.3	4.1	-5.5	-6.0
211	294400	11	5.0	4.0	-5.5	-6.0
211	294400	12	7.1	5.5	-5.5	-6.0
211	294700	4	8.8	6.7	-6.1	-8.3
211	294700	5	8.1	6.2	-5.5	-7.3
211	294700	6	8.1	6.2	-5.5	-6.8
211	294700	7	7.8	6.0	-5.5	-6.6
211	294700	8	8.3	6.4	-5.5	-7.0
211	294700	9	7.6	5.9	-5.5	-6.6
211	294700	10	7.0	5.3	-5.5	-6.4
211	294700	11	5.0	4.0	-5.5	-6.0
211	294700	12	5.0	4.0	-5.5	-6.0
211	296500	4	7.4	5.5	-6.1	-8.1
211	296500	5	7.4	5.5	-6.1	-8.1
211	296500	6	7.5	5.6	-6.0	-8.0
211	296500	7	6.7	5.1	-5.5	-6.3
211	296500	8	6.6	5.0	-5.5	-6.0
211	296500	9	6.5	4.9	-5.5	-6.0
211	296500	10	6.3	4.8	-5.5	-6.0
211	296500	11	5.5	4.2	-5.5	-6.0
211	296500	12	5.9	4.5	-5.5	-6.0
211	297200	4	5.4	4.0	-5.5	-6.0
211	297200	5	6.0	4.5	-5.5	-6.0
211	297200	6	6.1	4.6	-5.5	-6.0
211	297200	7	6.3	4.8	-5.5	-6.0
211	297200	8	5.8	4.5	-5.5	-6.0
211	297200	9	5.1	4.0	-5.5	-6.0
211	297200	10	5.0	4.0	-5.5	-6.0
211	297200	11	5.0	4.0	-5.5	-6.0
211	297200	12	5.0	4.0	-5.5	-6.0
211	297400	4	5.0	4.0	-5.5	-6.0
211	297400	5	5.3	4.0	-5.5	-6.0
211	297400	6	5.2	4.0	-5.5	-6.0
211	297400	7	5.5	4.2	-5.5	-6.0
211	297400	8	5.3	4.0	-5.5	-6.0
211	297400	9	5.0	4.0	-5.5	-6.0
211	297400	10	5.0	4.0	-5.5	-6.0
211	297400	11	5.0	4.0	-5.5	-6.0
211	297400	12	5.0	4.0	-5.5	-6.0
211	603000	4	5.0	4.0	-5.5	-6.0
211	603000	5	5.0	4.0	-5.5	-6.0
211	603000	6	5.0	4.0	-5.5	-6.0
211	603000	7	5.0	4.0	-5.5	-6.0
211	603000	8	5.0	4.0	-5.5	-6.0
211	603000	9	5.0	4.0	-5.5	-6.0
211	603000	10	5.0	4.0	-5.5	-6.0
211	603000	11	5.0	4.0	-5.5	-6.0
211	603000	12	5.0	4.0	-5.5	-6.0
211	612000	4	5.1	4.0	-5.5	-6.0
211	612000	5	5.5	4.2	-5.5	-6.0
211	612000	6	5.9	4.5	-5.5	-6.0
211	612000	7	5.2	4.0	-5.5	-6.0
211	612000	8	5.2	4.0	-5.5	-6.0
211	612000	9	5.0	4.0	-5.5	-6.0
211	612000	10	5.0	4.0	-5.5	-6.0
211	612000	11	5.0	4.0	-5.5	-6.0
211	612000	12	5.0	4.0	-5.5	-6.0
211	618000	4	5.0	4.0	-5.5	-6.4
211	618000	5	5.8	4.1	-5.9	-7.5
211	618000	6	6.6	4.8	-6.2	-8.1
211	618000	7	5.5	4.0	-5.5	-6.5
211	618000	8	5.0	4.0	-5.5	-6.0
211	618000	9	5.0	4.0	-5.5	-6.0
211	618000	10	5.0	4.0	-5.5	-6.0
211	618000	11	5.0	4.0	-5.5	-6.0
211	618000	12	5.0	4.0	-5.5	-6.0
