  1       9.0
  2      60.0
 81      10.0
 85      10.0
 86      12.5
 87      10.0
 88      12.5
 89      15.0
 90      12.5
 91      12.5
 92      15.0
 93      15.0
 94      15.0
104      30.0
105       3.0
113      15.0
123      60.0
172      12.0
174      12.0
175      12.0
176      12.0
177      12.0
197    1000.0
198     500.0
199     500.0
200    1000.0
201    1000.0
211       7.5
212       7.5
213       7.5
215       7.5
221      15.0
222      15.0
223      15.0
225      15.0
227       3.0
262      30.0
264      30.0
265      30.0
