1;0;0;9
3;0;0;60
56;0;0;30000
61;0;-3;360
63;0;0;360
64;0;0;360
67;0;0;360
81;0;0;98
82;0;0;26
83;0;0;131
84;0;0;131
85;0;0;92
86;0;0;93
87;0;0;93
90;0;0;93
117;0;-1;10000
131;0;0;50
132;0;-0.1;40
133;0;-0.1;40
134;0;-0.1;40
151;0;0;60
152;0;0;60
153;0;0;60
154;0;0;60
171;0;800;1100
173;0;800;1100
174;0;800;1100
175;0;800;1100
176;0;800;1100
177;0;0;16
178;0;851;1069
200;0;-10;1600
201;0;-10;1600
198;0;-10;500
199;0;-10;500
172;0;899;1063
197;0;-100;4500
104;0;0;615
105;0;-6.0;5
106;0;-1;50
107;0;-1;75
108;0;-1;100
109;0;-1;120
110;0;-1;150
123;0;0;60
121;0;0;60
221;0;-56;56
222;0;-56;56
223;0;-56;56
224;0;-56;56
225;0;-56;56
227;10;-13;29
227;20;-55;50
227;50;-55;50
227;100;-55;50
228;0;-55;50
229;0;-55;50
246;0;-55;50
212;0;-53;45
214;0;-59;49
234;0;-55;40
211;0;-55;50
213;0;-55;50
215;0;-55;50
217;0;-55;50
242;0;-2;30
243;0;-2;30
216;0;-52;47
261;0;0;130
263;0;0;104
262;0;0;104
264;0;0;104
404;0;0;50

