00700	1	76	84	88
01130	1	83	91	94
02540	1	85	92	95
02840	1	80	88	94
02950	1	87	93	97
03150	1	78	88	94
04440	1	87	95	98
04780	1	80	89	95
04870	1	74	84	89
04930	1	80	88	93
04940	1	86	93	97
05650	1	83	89	95
06040	1	79	87	92
07010	1	86	92	97
08130	1	79	86	91
08710	1	75	85	90
10400	1	79	85	89
11500	1	74	85	93
12550	1	78	86	94
12680	1	81	90	97
13420	1	81	92	97
13670	1	72	85	94
14600	1	75	88	94
15540	1	81	92	99
15720	1	70	78	87
16610	1	77	85	92
16740	1	76	85	91
17150	1	82	93	98
17290	1	71	85	94
17850	1	74	86	92
18700	1	76	87	93
18960	1	80	91	99
19400	1	80	92	97
19480	1	78	90	97
19710	1	72	90	99
21680	1	81	92	96
23160	1	77	86	94
23420	1	73	81	88
23500	1	76	86	92
24880	1	83	92	97
24960	1	75	84	93
25590	1	70	80	89
25840	1	82	90	95
26890	1	85	92	98
27240	1	72	84	91
27410	1	68	83	92
27450	1	81	92	99
27470	1	65	79	89
27500	1	81	91	94
28370	1	74	83	90
28800	1	81	91	96
29770	1	76	83	88
29790	1	72	83	91
31620	1	87	96	99
32100	1	74	89	94
32920	1	82	91	96
32930	1	76	85	93
33960	1	71	81	89
34080	1	77	89	95
34120	1	72	84	93
35860	1	73	89	94
36200	1	82	94	97
36560	1	80	89	94
37230	1	83	94	98
37530	1	80	89	94
38140	1	80	89	94
39040	1	77	88	95
39100	1	80	91	97
39690	1	72	87	94
40480	1	85	89	92
41110	1	76	92	99
41660	1	74	87	94
41670	1	83	95	98
41770	1	80	89	95
42160	1	79	89	94
42550	1	88	93	97
42920	1	78	86	92
43340	1	72	83	92
43500	1	72	85	92
44080	1	75	85	91
44560	1	79	88	93
44600	1	65	77	86
44640	1	67	77	89
45880	1	74	87	94
45900	1	69	82	92
46020	1	59	71	84
46030	1	71	82	92
46080	1	80	85	89
46200	1	78	94	99
46510	1	73	87	94
46570	1	64	83	92
46610	1	82	95	98
46910	1	72	89	96
47200	1	71	82	89
47210	1	70	83	91
47300	1	80	90	95
48330	1	81	91	95
48390	1	73	86	93
49580	1	59	76	90
50130	1	64	79	87
50300	1	74	87	95
50460	1	74	85	93
50500	1	70	87	95
50540	1	72	89	96
50560	1	64	78	90
51590	1	78	88	94
51670	1	75	86	92
52290	1	87	97	99
52530	1	83	93	97
52860	1	69	80	89
53100	1	73	85	93
54130	1	58	80	93
55160	1	88	94	97
55290	1	84	91	95
55370	1	78	87	95
55400	1	89	92	97
55430	1	81	95	99
55780	1	62	74	87
55840	1	90	98	99
57180	1	72	84	88
57420	1	72	92	98
57750	1	69	84	93
57770	1	77	88	93
57890	1	71	82	91
58070	1	75	90	98
58430	1	71	90	96
58500	1	83	95	98
58700	1	47	65	91
59100	1	73	86	92
59610	1	63	76	88
59710	1	64	84	93
59800	1	75	86	92
60500	1	47	70	88
60990	1	61	74	85
61170	1	58	72	87
61770	1	73	84	91
62480	1	73	84	91
63420	1	50	65	84
63710	1	59	70	84
63910	1	68	75	82
64550	1	62	89	94
65110	1	66	82	91
65300	1	80	86	90
65370	1	71	81	90
65940	1	79	88	93
66180	1	86	95	99
66730	1	70	82	92
66830	1	79	90	96
68340	1	65	77	86
69070	1	69	83	94
69100	1	63	78	89
69330	1	71	86	93
69760	1	75	87	94
70150	1	77	91	98
70340	1	82	92	98
70850	1	81	90	97
71000	1	77	89	95
71550	1	67	83	93
71850	1	82	91	96
71990	1	71	81	89
72100	1	82	93	96
72140	1	83	92	96
73490	1	78	83	90
73500	1	80	87	93
73620	1	76	87	93
75410	1	75	84	92
75550	1	71	82	89
75600	1	70	84	96
76450	1	74	87	94
77051	1	73	82	90
77190	1	72	82	91
77290	1	80	86	92
77420	1	85	94	96
77750	1	75	88	95
77950	1	73	85	93
79400	1	73	85	93
80100	1	66	78	89
80610	1	68	78	90
80620	1	60	73	84
80630	1	64	75	84
80700	1	60	71	85
80950	1	75	86	94
81150	1	64	79	87
81250	1	63	77	89
81450	1	71	82	90
81620	1	72	89	97
81680	1	60	74	89
82060	1	66	78	87
82290	1	65	77	91
82650	1	65	80	89
82800	1	65	77	89
83550	1	71	84	94
84170	1	57	66	79
84800	1	57	66	80
85380	1	74	84	92
85910	1	73	84	92
86500	1	66	80	89
86520	1	68	87	97
86760	1	66	78	88
87110	1	67	78	87
87350	1	75	88	96
87790	1	67	80	89
88000	1	76	86	93
88690	1	71	79	87
88900	1	65	81	91
89350	1	76	87	94
89800	1	66	76	89
89950	1	83	91	97
90450	1	65	83	95
90490	1	74	86	95
90800	1	65	76	86
90900	1	80	88	93
91300	1	74	90	98
91330	1	63	77	88
91360	1	59	70	84
91370	1	60	69	82
91750	1	64	74	84
91760	1	71	86	94
92350	1	69	77	87
92700	1	70	78	87
93140	1	67	74	84
93300	1	82	87	90
93400	1	66	74	81
93560	1	78	81	84
93710	1	80	84	88
93900	1	84	89	93
94260	1	62	73	84
94500	1	87	91	93
94700	1	78	85	90
95350	1	68	75	83
96400	1	81	87	92
96800	1	86	93	96
97250	1	87	93	98
97350	1	86	91	94
98400	1	80	87	92
98550	1	86	92	94
99370	1	80	85	90
99530	1	79	83	88
99710	1	84	91	95
99720	1	82	88	94
99760	1	78	85	90
99840	1	67	75	82
99910	1	67	76	84
99950	1	73	83	90
00700	2	69	79	85
01130	2	71	87	93
02540	2	74	88	94
02840	2	79	88	94
02950	2	76	90	96
03150	2	76	88	94
04440	2	73	91	98
04780	2	71	85	93
04870	2	70	80	89
04930	2	77	86	92
04940	2	76	89	95
05650	2	64	83	92
06040	2	72	82	90
07010	2	82	90	95
08130	2	76	83	90
08710	2	66	78	85
10400	2	75	81	87
11500	2	61	79	91
12550	2	70	82	91
12680	2	71	85	93
13420	2	77	87	95
13670	2	65	77	88
14600	2	68	81	91
15540	2	77	92	98
15720	2	67	75	84
16610	2	75	82	90
16740	2	70	79	88
17150	2	67	86	96
17290	2	74	86	94
17850	2	73	83	91
18700	2	65	81	89
18960	2	73	91	100
19400	2	68	86	95
19480	2	68	85	93
19710	2	58	82	97
21680	2	69	85	95
23160	2	68	79	89
23420	2	61	74	83
23500	2	64	77	87
24880	2	69	86	95
24960	2	66	79	90
25590	2	67	75	83
25840	2	77	88	93
26890	2	74	88	95
27240	2	75	86	91
27410	2	72	83	91
27450	2	73	89	96
27470	2	68	81	90
27500	2	75	88	93
28370	2	58	72	84
28800	2	65	81	92
29770	2	65	76	83
29790	2	67	75	83
31620	2	85	93	98
32100	2	70	82	92
32920	2	72	85	93
32930	2	68	81	92
33960	2	67	78	85
34080	2	77	88	94
34120	2	69	84	94
35860	2	65	81	91
36200	2	76	88	96
36560	2	69	80	90
37230	2	72	86	97
37530	2	74	87	92
38140	2	70	87	95
39040	2	67	82	91
39100	2	74	88	95
39690	2	64	78	90
41110	2	74	90	98
41660	2	70	85	93
41670	2	79	92	97
41770	2	81	90	94
42160	2	79	89	94
42550	2	88	93	97
42920	2	75	83	90
43340	2	68	82	92
43500	2	71	82	91
44080	2	68	82	90
44560	2	75	87	93
44600	2	65	78	87
44640	2	60	71	84
45880	2	78	89	95
45900	2	61	79	90
46030	2	67	82	93
46080	2	77	84	89
46200	2	65	87	97
46510	2	79	88	94
46570	2	54	79	90
46610	2	80	94	98
46910	2	71	87	96
47200	2	70	82	89
47210	2	65	79	91
47300	2	78	89	94
48330	2	77	88	93
48390	2	64	80	91
49580	2	61	77	90
50130	2	64	78	86
50300	2	75	87	94
50460	2	62	78	90
50500	2	73	86	94
50540	2	74	86	94
50560	2	61	77	90
51590	2	76	84	91
51670	2	69	82	91
52290	2	85	96	98
52530	2	80	91	96
52860	2	68	79	87
53100	2	60	76	89
54130	2	50	70	89
55160	2	79	90	96
55290	2	82	90	93
55370	2	68	80	90
55400	2	85	92	95
55430	2	77	91	97
55780	2	56	67	81
55840	2	87	98	99
57180	2	63	77	87
57420	2	76	91	98
57750	2	68	83	92
57770	2	79	87	94
57890	2	64	78	89
58070	2	75	88	96
58430	2	62	80	93
58500	2	73	90	98
58510	2	74	87	94
58700	2	42	61	87
59100	2	70	85	91
59610	2	61	73	83
59710	2	62	80	92
59800	2	76	85	91
60500	2	48	68	86
60990	2	63	74	84
61170	2	54	68	82
61770	2	65	77	88
62480	2	75	84	91
63420	2	50	66	85
63710	2	57	66	80
63910	2	67	75	81
64550	2	70	85	92
65110	2	64	77	89
65300	2	78	86	91
65370	2	71	81	90
65940	2	77	85	93
66180	2	84	93	98
66730	2	66	78	90
66830	2	79	86	95
68340	2	64	75	85
69070	2	66	79	92
69100	2	61	77	88
69330	2	64	78	90
69760	2	70	83	94
70150	2	74	88	96
70340	2	81	91	97
70850	2	76	88	95
71000	2	75	88	94
71550	2	65	80	90
71850	2	81	90	96
71990	2	67	80	88
72100	2	77	89	95
73490	2	74	82	88
73500	2	75	82	90
73620	2	73	83	91
75410	2	74	83	90
75550	2	68	78	89
75600	2	66	81	93
76450	2	71	82	93
77051	2	77	85	91
77055	2	66	77	88
77190	2	72	80	90
77290	2	75	84	91
77420	2	82	91	95
77750	2	73	84	92
77950	2	73	86	94
79400	2	70	81	90
79530	2	76	86	93
80100	2	62	74	87
80610	2	65	77	88
80620	2	56	68	82
80700	2	56	69	82
80950	2	73	84	93
81150	2	61	73	82
81250	2	62	72	82
81450	2	69	83	89
81620	2	68	86	97
81680	2	57	68	84
82060	2	66	76	87
82290	2	64	74	89
82650	2	58	71	84
82800	2	62	73	87
83550	2	65	79	94
84170	2	58	66	80
84800	2	54	63	77
85380	2	71	82	91
85780	2	73	81	90
85910	2	71	83	93
86500	2	64	77	89
86520	2	69	84	96
86760	2	65	77	87
87110	2	66	76	86
87350	2	70	83	93
87790	2	65	77	87
88000	2	71	84	91
88690	2	71	79	87
88900	2	64	77	88
89350	2	67	82	90
89800	2	66	77	87
89950	2	81	88	95
90450	2	61	77	94
90490	2	72	83	94
90800	2	66	77	87
90900	2	78	86	92
91300	2	70	84	95
91330	2	62	70	82
91360	2	57	67	79
91370	2	60	67	78
91750	2	64	73	82
91760	2	68	80	92
92350	2	70	76	84
92700	2	71	80	88
93140	2	66	72	81
93300	2	82	86	89
93400	2	63	70	78
93560	2	76	80	83
93570	2	77	81	84
93710	2	78	84	88
93900	2	83	86	90
94260	2	62	73	83
94500	2	86	91	93
94700	2	79	86	90
95350	2	67	74	82
96400	2	82	88	92
96800	2	84	90	95
97250	2	86	91	96
97350	2	86	90	93
98400	2	77	86	92
98550	2	83	90	94
99370	2	80	85	90
99530	2	78	84	88
99710	2	86	92	96
99720	2	84	89	95
99760	2	75	81	89
99840	2	67	74	79
99910	2	69	77	85
99950	2	74	83	91
00700	3	60	73	85
01130	3	53	74	90
02540	3	55	77	93
02840	3	67	85	96
02950	3	57	79	95
03150	3	59	76	90
04440	3	57	77	93
04780	3	54	72	89
04870	3	56	78	91
04930	3	56	71	85
04940	3	56	75	91
05650	3	44	62	80
06040	3	57	73	88
07010	3	57	74	94
08130	3	66	76	87
08710	3	56	72	85
10400	3	66	78	85
11500	3	51	65	81
12550	3	59	74	86
12680	3	57	73	87
13420	3	71	83	92
13670	3	56	71	85
14600	3	56	69	83
15540	3	62	72	86
15720	3	59	68	78
16610	3	68	79	87
16740	3	62	73	85
17150	3	55	78	93
17290	3	65	85	96
17850	3	60	77	91
18700	3	52	69	87
18960	3	60	83	93
19400	3	55	75	92
19480	3	52	71	89
19710	3	48	69	87
21680	3	56	74	90
23160	3	59	73	87
23420	3	49	65	80
23500	3	55	69	84
24880	3	49	65	88
24960	3	56	75	89
25590	3	59	70	80
25840	3	78	89	94
26890	3	61	78	92
27240	3	64	82	91
27410	3	64	85	94
27450	3	62	83	95
27470	3	57	78	93
27500	3	67	81	90
28370	3	46	61	81
28800	3	53	70	89
29770	3	65	75	85
29790	3	57	68	79
31620	3	76	90	98
32100	3	55	78	91
32920	3	60	79	92
32930	3	65	84	94
33960	3	69	80	87
34080	3	70	88	95
34120	3	67	84	94
35860	3	57	74	90
36200	3	69	85	96
36560	3	57	73	88
37230	3	64	81	95
37530	3	64	86	94
38140	3	64	80	93
39040	3	59	77	90
39100	3	68	85	95
39690	3	55	70	86
41110	3	64	82	97
41660	3	71	87	95
41670	3	66	86	96
41770	3	72	85	94
42160	3	72	85	93
42550	3	88	94	97
42920	3	67	80	89
43340	3	71	86	95
43500	3	62	78	89
44080	3	73	85	91
44560	3	68	83	91
44600	3	57	74	86
44640	3	58	70	81
45880	3	63	82	96
45900	3	60	74	90
46030	3	63	75	87
46080	3	78	85	91
46200	3	57	77	94
46510	3	74	86	92
46570	3	54	69	87
46610	3	62	84	97
46910	3	56	80	94
47200	3	64	79	88
47210	3	67	80	90
47300	3	75	88	95
48330	3	73	88	94
48390	3	61	76	92
49580	3	52	68	88
50130	3	54	71	85
50300	3	65	83	94
50460	3	56	71	87
50500	3	63	83	95
50540	3	58	81	94
50560	3	56	73	88
51590	3	59	77	89
51670	3	62	77	90
52290	3	67	91	98
52530	3	78	89	95
52860	3	58	75	87
53100	3	62	75	87
54130	3	47	59	80
55160	3	63	81	94
55290	3	77	87	93
55370	3	58	74	89
55400	3	67	85	95
55430	3	64	82	96
55500	3	61	73	84
55780	3	50	58	72
55840	3	70	92	99
57180	3	49	67	83
57420	3	58	81	97
57750	3	63	81	92
57770	3	74	89	94
57890	3	57	70	85
58070	3	66	80	94
58430	3	55	73	88
58500	3	53	73	92
58700	3	41	52	72
59100	3	70	83	90
59610	3	54	69	84
59710	3	53	74	90
59800	3	74	86	92
60500	3	43	61	83
60990	3	59	74	86
61170	3	53	67	83
61770	3	56	70	86
62480	3	70	82	90
63420	3	45	58	82
63710	3	55	63	75
63910	3	64	71	78
64550	3	57	80	92
65110	3	55	71	89
65300	3	73	86	90
65370	3	64	78	90
65940	3	75	85	93
66180	3	73	87	96
66730	3	56	71	88
66830	3	70	79	91
68340	3	58	70	84
69070	3	63	72	89
69100	3	56	69	85
69330	3	56	69	88
69760	3	59	71	88
70150	3	67	83	94
70340	3	74	88	95
70850	3	66	80	91
71000	3	65	80	91
71550	3	61	77	92
71850	3	76	87	95
71990	3	63	76	89
72100	3	64	83	94
73490	3	65	75	85
73500	3	65	77	87
73620	3	64	76	90
75410	3	75	84	91
75550	3	65	77	88
75600	3	64	78	93
76450	3	66	80	92
77051	3	77	87	93
77190	3	64	74	86
77290	3	59	73	90
77420	3	75	88	96
77750	3	63	75	90
77950	3	64	76	89
79400	3	57	69	85
80100	3	62	75	88
80610	3	62	75	88
80620	3	51	66	80
80630	3	55	67	79
80700	3	54	65	79
80950	3	68	82	94
81150	3	54	65	78
81250	3	58	67	79
81450	3	65	76	86
81620	3	59	73	92
81680	3	52	60	75
82060	3	59	67	82
82290	3	59	71	86
82650	3	48	60	78
82800	3	57	67	82
83550	3	58	73	91
84170	3	53	61	72
84800	3	48	58	72
85380	3	66	79	90
85910	3	68	82	93
86500	3	57	71	86
86520	3	61	75	97
86760	3	59	73	87
87110	3	62	73	85
87350	3	62	76	88
87790	3	57	69	83
88000	3	55	71	87
88690	3	65	74	84
88900	3	54	69	84
89350	3	55	69	87
89800	3	59	66	78
89950	3	74	82	90
90450	3	53	67	87
90490	3	65	78	91
90800	3	61	72	85
90900	3	74	84	92
91300	3	60	74	90
91330	3	58	64	76
91370	3	55	63	72
91750	3	60	67	78
91760	3	62	72	85
92350	3	66	74	83
92700	3	68	76	84
93140	3	64	70	79
93300	3	76	85	89
93400	3	59	66	76
93560	3	71	78	83
93570	3	71	78	83
93710	3	72	79	85
93900	3	76	85	90
94260	3	62	72	83
94500	3	85	90	92
94700	3	76	83	88
95350	3	61	69	79
96400	3	80	87	93
96800	3	78	88	94
97250	3	79	86	94
97350	3	80	88	93
98400	3	77	84	90
98550	3	82	89	93
99370	3	74	83	90
99530	3	72	80	87
99710	3	86	91	95
99720	3	84	89	94
99760	3	77	84	90
99840	3	68	74	81
99910	3	68	78	86
99950	3	74	84	92
00700	4	53	72	87
01130	4	46	68	90
02540	4	52	75	93
02840	4	50	72	93
02950	4	51	73	94
03150	4	42	56	77
04440	4	52	76	93
04780	4	51	71	89
04870	4	39	60	84
04930	4	44	53	69
04940	4	56	79	95
05650	4	41	59	80
06040	4	46	66	86
07010	4	47	70	95
08130	4	58	73	87
08710	4	49	68	84
10400	4	61	74	86
11500	4	47	64	83
12550	4	55	70	86
12680	4	51	70	90
13420	4	65	80	92
13670	4	55	71	86
14600	4	49	62	81
15540	4	52	63	78
15720	4	52	63	74
16610	4	66	76	86
16740	4	56	68	82
17150	4	53	78	94
17290	4	51	72	93
17850	4	38	54	78
18700	4	51	68	86
18960	4	49	64	93
19400	4	47	67	87
19480	4	48	70	89
19710	4	49	68	92
21680	4	53	72	91
23160	4	56	68	86
23420	4	41	60	80
23500	4	50	65	82
24880	4	42	62	89
24960	4	46	63	80
25590	4	56	69	82
25840	4	67	83	93
26890	4	53	71	88
27410	4	48	70	90
27450	4	57	77	96
27470	4	43	58	79
27500	4	72	84	91
28370	4	43	63	85
28800	4	49	72	92
29770	4	54	66	79
29790	4	53	65	77
31620	4	73	88	97
32100	4	35	58	87
32920	4	54	76	93
32930	4	52	74	93
33960	4	58	73	84
34080	4	57	77	91
34120	4	54	74	92
35860	4	64	80	92
36200	4	74	88	96
36560	4	50	73	90
37230	4	61	80	97
37530	4	49	68	88
38140	4	60	77	90
39040	4	53	74	90
39100	4	71	85	95
39690	4	48	69	85
40480	4	72	84	90
41110	4	55	74	92
41660	4	52	73	92
41670	4	55	79	95
41770	4	71	83	93
42160	4	71	83	92
42550	4	84	91	96
42920	4	61	74	86
43340	4	60	79	92
43500	4	50	66	84
44080	4	69	85	92
44560	4	65	79	90
44600	4	56	71	84
44640	4	56	67	81
45880	4	62	76	93
45900	4	57	73	91
46030	4	59	72	88
46080	4	69	80	87
46200	4	48	66	93
46510	4	67	80	90
46570	4	48	63	87
46610	4	54	77	95
46910	4	50	71	92
47200	4	61	76	87
47210	4	61	78	90
47300	4	75	87	94
48330	4	74	87	93
48390	4	54	72	91
49580	4	48	59	79
50130	4	49	65	82
50300	4	61	76	91
50460	4	51	66	83
50500	4	59	78	92
50540	4	55	74	90
50560	4	57	73	90
51590	4	49	68	88
51670	4	56	68	83
52290	4	54	79	97
52530	4	75	89	95
52860	4	60	73	86
53100	4	53	66	85
54130	4	41	51	72
55160	4	43	62	87
55290	4	72	84	93
55370	4	45	59	80
55400	4	48	68	91
55430	4	60	77	95
55780	4	47	56	69
55840	4	60	81	99
57180	4	50	68	85
57420	4	46	71	93
57750	4	73	85	93
57770	4	77	88	94
57890	4	61	72	87
58070	4	56	69	82
58430	4	45	62	85
58500	4	53	71	92
58700	4	39	52	69
59100	4	75	85	91
59610	4	52	65	79
59710	4	46	65	86
59800	4	76	86	93
60500	4	43	57	78
60990	4	61	74	85
61170	4	51	65	82
61770	4	53	66	84
62480	4	71	83	90
63420	4	40	50	67
63710	4	51	60	75
63910	4	60	69	79
64550	4	51	71	90
65110	4	51	69	87
65300	4	78	86	90
65370	4	67	79	90
65940	4	75	86	92
66180	4	62	77	91
66730	4	49	67	86
66830	4	65	77	90
68340	4	56	67	82
69070	4	66	80	95
69100	4	53	66	83
69330	4	48	64	86
69760	4	61	77	91
70150	4	60	75	93
70340	4	64	80	93
70850	4	54	68	85
71000	4	55	70	85
71550	4	60	75	88
71850	4	79	89	95
71990	4	60	71	85
72100	4	51	72	91
73490	4	59	73	85
73500	4	53	70	84
73620	4	54	69	87
75410	4	71	82	90
75550	4	66	78	88
75600	4	61	75	89
76450	4	65	80	91
77051	4	77	86	92
77055	4	65	78	87
77190	4	61	72	86
77290	4	56	71	90
77420	4	65	82	96
77750	4	54	67	85
77950	4	69	85	94
79400	4	55	72	88
80100	4	58	71	84
80610	4	69	80	89
80620	4	49	63	80
80630	4	52	62	75
80700	4	54	65	82
80950	4	71	84	94
81150	4	53	63	75
81250	4	54	63	75
81450	4	71	84	92
81620	4	58	69	89
81680	4	48	56	72
82060	4	58	68	81
82290	4	58	72	87
82650	4	50	62	80
82800	4	55	66	81
83550	4	56	75	92
84170	4	50	58	70
84800	4	46	57	73
85380	4	64	78	90
85910	4	70	81	91
86500	4	59	73	86
86520	4	63	80	95
86760	4	54	70	83
87110	4	63	75	86
87350	4	59	74	88
87790	4	60	72	83
88000	4	52	67	85
88690	4	65	75	84
88900	4	57	71	84
89350	4	51	65	82
89800	4	53	63	76
89950	4	70	79	87
90450	4	51	66	87
90490	4	64	78	91
90800	4	62	74	88
90900	4	73	83	90
91300	4	55	68	86
91330	4	56	63	74
91370	4	52	60	70
91750	4	57	64	74
91760	4	58	69	83
92350	4	65	75	85
92700	4	69	77	87
93140	4	60	68	79
93300	4	66	77	87
93400	4	53	61	72
93710	4	61	70	80
93900	4	68	79	89
94260	4	63	73	84
94500	4	83	89	92
94700	4	74	81	87
95350	4	54	64	76
96400	4	80	86	92
96800	4	68	80	90
97250	4	68	79	92
97350	4	71	82	92
98400	4	77	84	90
98550	4	80	88	93
99370	4	67	76	86
99530	4	56	67	80
99710	4	84	90	94
99720	4	82	89	93
99760	4	72	79	87
99840	4	67	74	81
99910	4	68	76	86
99950	4	72	80	89
00700	5	41	60	79
01130	5	36	59	81
02540	5	41	63	86
02840	5	48	66	89
02950	5	40	61	84
03150	5	44	57	76
04440	5	43	60	82
04780	5	37	57	78
04870	5	38	56	78
04930	5	41	51	66
04940	5	43	61	81
05650	5	31	43	70
06040	5	39	56	73
07010	5	36	58	88
08130	5	45	64	78
08710	5	38	56	76
10400	5	52	69	83
11500	5	36	50	70
12550	5	43	61	81
12680	5	35	54	72
13420	5	51	70	87
13670	5	45	64	82
14600	5	40	53	75
15540	5	44	59	77
15720	5	48	59	70
16610	5	52	67	80
16740	5	46	61	77
17150	5	45	65	84
17290	5	51	69	86
17850	5	39	54	74
18700	5	41	57	76
18960	5	43	54	75
19400	5	42	56	74
19480	5	40	58	78
19710	5	37	55	78
21680	5	42	62	85
23160	5	44	59	79
23420	5	28	48	72
23500	5	40	58	78
24880	5	31	52	88
24960	5	42	60	76
25590	5	43	60	75
25840	5	57	75	89
26890	5	47	59	77
27410	5	42	61	79
27450	5	46	62	78
27470	5	43	59	77
27500	5	64	77	86
28370	5	34	55	77
28800	5	36	61	88
29770	5	48	60	77
29790	5	42	51	68
31620	5	59	79	95
32100	5	34	58	81
32920	5	41	62	85
32930	5	43	62	80
34080	5	59	77	88
34120	5	54	68	83
35860	5	57	73	85
36200	5	71	84	93
36560	5	40	61	83
37230	5	50	70	93
37530	5	44	63	86
38140	5	49	65	83
39040	5	47	64	81
39100	5	65	79	90
39690	5	38	57	81
40480	5	62	75	88
41110	5	49	64	85
41660	5	52	71	90
41670	5	42	67	91
41770	5	69	80	89
42160	5	71	82	89
42550	5	70	82	89
42920	5	48	67	82
43340	5	62	76	88
43500	5	45	63	82
44080	5	74	84	90
44560	5	64	77	87
44600	5	54	68	80
44640	5	54	64	77
45880	5	58	77	93
45900	5	57	74	90
46020	5	54	66	82
46030	5	54	68	86
46080	5	60	73	85
46200	5	45	66	84
46510	5	53	68	83
46570	5	46	65	82
46610	5	50	71	91
46910	5	46	68	91
47200	5	55	71	82
47210	5	62	75	87
47300	5	71	82	91
48330	5	76	85	91
48390	5	54	72	91
49580	5	45	56	73
50130	5	49	64	77
50300	5	53	70	88
50460	5	50	66	82
50500	5	54	70	87
50540	5	50	68	86
50560	5	56	72	88
51590	5	44	65	85
51670	5	51	67	83
52290	5	44	72	98
52530	5	76	87	93
52860	5	56	67	81
53100	5	56	71	85
54130	5	41	54	79
55160	5	36	56	84
55290	5	64	78	90
55370	5	41	55	72
55400	5	43	57	87
55430	5	47	64	85
55500	5	50	61	74
55780	5	45	55	68
55840	5	48	68	97
57180	5	43	62	83
57420	5	39	63	87
57750	5	72	84	91
57770	5	78	87	93
57890	5	58	73	85
58070	5	54	64	78
58430	5	46	66	86
58500	5	49	66	86
58700	5	36	46	64
59100	5	79	87	91
59610	5	53	62	76
59710	5	49	66	82
59800	5	77	86	91
60500	5	46	61	80
60990	5	62	72	83
61170	5	59	72	84
61770	5	44	59	78
62480	5	73	82	88
63420	5	40	52	67
63710	5	47	61	76
63910	5	49	62	75
64550	5	46	68	88
65110	5	49	67	85
65300	5	77	84	88
65370	5	59	71	84
65940	5	75	85	91
66180	5	55	70	87
66730	5	40	65	85
66830	5	52	66	79
68340	5	51	69	84
69070	5	51	68	86
69100	5	50	65	80
69330	5	47	73	89
69760	5	53	68	82
70150	5	54	73	91
70340	5	52	73	90
70850	5	47	61	81
71000	5	52	66	79
71550	5	59	75	87
71850	5	77	87	94
71990	5	63	73	80
72100	5	52	73	90
73490	5	49	66	79
73500	5	47	66	80
73620	5	52	70	85
75550	5	66	76	88
75600	5	62	76	90
76450	5	64	79	89
77051	5	79	87	94
77055	5	69	79	89
77190	5	56	68	79
77290	5	47	64	83
77420	5	60	81	94
77750	5	49	66	82
77950	5	57	73	92
79400	5	49	68	85
80100	5	64	76	88
80610	5	69	80	89
80620	5	48	64	78
80630	5	56	70	82
80700	5	52	67	82
80950	5	71	85	93
81150	5	51	60	71
81250	5	52	61	70
81450	5	60	74	90
81680	5	42	56	72
82060	5	54	66	82
82290	5	56	72	87
82650	5	46	60	75
82800	5	52	65	79
83550	5	53	69	88
84170	5	52	64	78
84800	5	43	55	69
85380	5	60	75	88
85910	5	71	82	92
86500	5	57	71	83
86520	5	61	78	95
86760	5	55	72	84
87110	5	61	72	83
87350	5	56	72	87
87790	5	55	70	83
88000	5	48	64	81
88690	5	64	75	84
88900	5	55	69	82
89350	5	46	58	74
89800	5	50	61	74
89950	5	63	73	85
90450	5	45	58	77
90490	5	59	72	86
90800	5	62	74	86
90900	5	75	85	91
91300	5	51	63	77
91330	5	53	62	70
91370	5	47	55	66
91750	5	55	64	77
91760	5	55	66	77
92350	5	62	73	84
92700	5	70	80	88
93140	5	56	65	75
93300	5	61	72	82
93400	5	49	58	68
93710	5	55	64	75
93900	5	61	71	82
94260	5	57	70	81
94500	5	81	86	92
94700	5	72	81	87
95350	5	49	58	70
96400	5	76	84	91
96800	5	62	74	84
97250	5	62	70	81
97350	5	64	74	85
98400	5	74	83	90
98550	5	79	86	92
99370	5	58	69	80
99530	5	52	62	75
99710	5	83	90	95
99720	5	81	88	93
99760	5	73	81	88
99840	5	66	72	79
99910	5	69	78	85
99950	5	78	87	92
00700	6	46	62	76
01130	6	46	63	81
02540	6	50	70	88
02840	6	52	68	86
02950	6	48	66	87
03150	6	45	58	73
04440	6	48	67	85
04780	6	45	62	79
04870	6	39	57	78
04930	6	42	53	68
04940	6	53	69	85
05650	6	36	50	74
06040	6	46	61	79
07010	6	41	61	82
08130	6	48	63	79
08710	6	44	63	80
10400	6	55	70	84
11500	6	40	56	73
12550	6	50	64	80
12680	6	45	62	80
13420	6	53	72	88
13670	6	49	66	86
14600	6	45	59	75
15540	6	49	61	78
15720	6	49	61	74
16610	6	55	68	83
16740	6	51	66	81
17150	6	54	70	86
17290	6	55	68	83
17850	6	44	57	73
18700	6	47	62	78
18960	6	47	62	79
19400	6	46	60	78
19480	6	45	61	80
19710	6	43	61	84
21680	6	48	65	85
23160	6	47	63	81
23420	6	31	51	72
23500	6	44	60	79
24880	6	35	61	85
24960	6	44	62	78
25590	6	46	63	79
25840	6	54	72	88
26890	6	52	65	80
27410	6	48	63	79
27450	6	52	66	82
27470	6	46	58	73
27500	6	68	79	87
28370	6	40	58	78
28800	6	42	65	87
29770	6	46	59	74
29790	6	43	56	73
31620	6	58	79	94
32100	6	40	57	77
32920	6	44	63	82
32930	6	45	64	82
34080	6	64	76	86
34120	6	56	68	81
35860	6	60	73	85
36200	6	73	85	94
36560	6	45	63	81
37230	6	53	72	90
37530	6	43	61	82
38140	6	54	69	85
39040	6	52	67	82
39100	6	69	80	89
39690	6	41	60	80
41110	6	57	72	89
41660	6	55	73	89
41670	6	50	70	90
41770	6	75	84	91
42160	6	75	83	90
42550	6	75	85	92
42920	6	53	69	84
43340	6	65	76	87
43500	6	53	70	89
44080	6	77	85	89
44560	6	73	82	89
44600	6	61	73	83
44640	6	61	71	81
45880	6	69	85	97
45900	6	65	76	90
46030	6	64	76	89
46080	6	62	73	83
46200	6	49	66	85
46510	6	56	70	85
46570	6	52	69	83
46610	6	60	78	92
46910	6	54	75	93
47200	6	63	76	84
47210	6	65	75	86
47300	6	77	85	92
48330	6	80	87	92
48390	6	58	74	89
49580	6	52	65	80
50130	6	56	66	78
50300	6	63	79	93
50460	6	54	65	79
50500	6	64	79	91
50540	6	60	75	90
50560	6	62	76	89
51590	6	50	66	85
51670	6	55	71	86
52290	6	59	82	97
52530	6	79	87	93
52860	6	62	73	84
53100	6	54	68	81
54130	6	44	58	85
55160	6	40	60	88
55290	6	66	78	90
55370	6	43	58	73
55400	6	45	60	85
55430	6	47	66	88
55500	6	52	63	76
55780	6	49	56	68
55840	6	58	81	96
57180	6	52	70	85
57420	6	48	71	88
57750	6	80	87	90
57770	6	83	89	93
57890	6	65	77	85
58070	6	60	71	82
58430	6	54	71	88
58500	6	55	72	89
58700	6	43	55	70
59610	6	61	70	80
59710	6	58	73	87
59800	6	82	89	93
60500	6	57	72	89
60990	6	69	78	87
61170	6	66	76	86
61770	6	50	65	83
62480	6	80	86	91
63420	6	51	66	79
63710	6	52	68	85
63910	6	50	63	77
64550	6	60	79	91
65110	6	59	76	89
65370	6	63	74	86
65940	6	82	90	95
66180	6	64	78	91
66730	6	53	75	92
66830	6	60	75	90
68340	6	60	77	88
69070	6	61	77	95
69100	6	60	74	85
69330	6	52	71	88
69760	6	61	74	86
70150	6	66	83	96
70340	6	62	81	93
70850	6	52	72	87
71550	6	67	80	91
71850	6	85	92	95
71990	6	75	85	90
72100	6	59	78	89
73490	6	51	67	83
73500	6	54	70	84
73620	6	54	69	82
75550	6	77	85	92
75600	6	70	83	94
76450	6	77	87	93
77051	6	81	88	94
77190	6	59	68	79
77290	6	49	63	80
77420	6	61	79	92
77750	6	52	67	82
77950	6	60	77	96
79400	6	56	72	87
79530	6	59	75	89
80100	6	69	79	89
80610	6	77	84	91
80620	6	59	72	82
80630	6	64	74	83
80700	6	63	75	86
80950	6	82	88	94
81150	6	49	61	72
81250	6	51	60	71
81450	6	62	77	94
81680	6	43	58	79
82060	6	61	72	86
82290	6	67	78	88
82650	6	51	65	78
82800	6	52	65	79
83550	6	61	76	90
84170	6	55	67	81
84800	6	48	60	74
85380	6	68	79	87
85910	6	77	84	91
86500	6	65	76	86
86520	6	66	82	93
86760	6	58	71	82
87110	6	69	78	86
87350	6	66	79	90
87790	6	62	72	83
88000	6	52	69	83
88690	6	74	83	87
88900	6	58	68	79
89350	6	46	58	72
89800	6	48	62	74
89950	6	59	73	88
90450	6	47	60	78
90490	6	64	76	87
90800	6	71	81	89
90900	6	81	87	91
91300	6	54	67	83
91330	6	56	64	75
91360	6	48	58	72
91370	6	51	62	74
91750	6	56	68	79
91760	6	58	70	83
92350	6	67	79	88
92700	6	73	83	89
93140	6	57	67	78
93300	6	52	65	80
93400	6	48	57	67
93560	6	46	58	70
93710	6	48	61	75
93900	6	50	63	80
94260	6	57	70	83
94500	6	85	90	93
94700	6	77	84	89
95350	6	48	57	72
96400	6	84	90	93
96800	6	59	74	85
97250	6	56	67	82
97350	6	54	68	83
98400	6	80	88	93
98550	6	82	89	94
99370	6	54	68	83
99530	6	51	62	76
99710	6	87	94	96
99720	6	86	94	97
99760	6	74	83	91
99840	6	65	74	82
99910	6	77	84	92
99950	6	82	89	94
00700	7	46	64	80
01130	7	46	66	83
02540	7	52	71	91
02840	7	52	67	86
02950	7	49	69	89
03150	7	47	59	74
04440	7	51	68	86
04780	7	48	63	81
04870	7	41	57	76
04930	7	46	53	67
04940	7	56	72	88
05650	7	40	55	74
06040	7	48	64	82
07010	7	48	67	90
08130	7	50	66	82
08710	7	45	62	80
10400	7	55	72	85
11500	7	46	59	77
12550	7	54	66	80
12680	7	50	66	83
13420	7	61	78	90
13670	7	54	72	92
14600	7	46	61	82
15540	7	49	65	80
15720	7	49	63	76
16610	7	57	72	85
16740	7	51	69	83
17150	7	57	74	88
17290	7	54	68	82
17850	7	47	56	68
18700	7	51	65	80
18960	7	53	64	81
19400	7	48	61	78
19480	7	49	65	81
19710	7	48	66	85
21680	7	52	70	87
23160	7	51	66	82
23420	7	35	53	74
23500	7	47	60	80
24880	7	40	62	89
24960	7	42	60	76
25590	7	47	65	85
25840	7	57	76	91
27410	7	46	62	76
27450	7	57	71	84
27500	7	70	79	86
28370	7	42	59	81
28800	7	46	66	90
29770	7	47	59	73
29790	7	46	57	73
31620	7	62	81	97
32100	7	41	60	81
32930	7	45	64	82
34080	7	65	77	85
34120	7	57	69	80
35860	7	63	75	85
36200	7	76	86	93
36560	7	46	61	81
37230	7	53	69	92
37530	7	46	61	82
38140	7	55	70	84
39040	7	52	66	82
39100	7	70	79	88
39690	7	43	59	83
40480	7	64	78	90
41110	7	60	70	84
41660	7	57	72	88
41670	7	53	73	93
41770	7	75	82	88
42160	7	75	82	88
42550	7	69	81	89
42920	7	54	71	85
43340	7	68	78	89
43500	7	56	72	90
44080	7	77	85	90
44560	7	75	83	90
44600	7	64	75	84
44640	7	66	73	82
45880	7	74	90	98
45900	7	67	80	92
46030	7	67	80	90
46080	7	65	76	84
46200	7	55	74	89
46510	7	62	76	86
46570	7	57	71	86
46610	7	66	85	95
46910	7	60	81	96
47200	7	66	77	85
47210	7	66	76	86
47300	7	78	86	92
48330	7	81	87	92
48390	7	60	76	88
49580	7	51	67	83
50130	7	62	73	84
50300	7	67	85	96
50460	7	59	68	83
50500	7	69	83	94
50540	7	66	81	92
50560	7	65	78	90
51590	7	56	74	88
51670	7	58	77	92
52290	7	61	88	98
52530	7	81	89	94
52860	7	68	79	88
53100	7	65	78	88
54130	7	47	62	89
55160	7	50	73	93
55290	7	67	82	91
55370	7	48	64	80
55400	7	48	70	91
55430	7	49	74	91
55500	7	56	68	78
55780	7	54	61	72
55840	7	66	88	99
57180	7	56	73	86
57420	7	59	81	95
57750	7	79	87	91
57770	7	85	90	93
57890	7	68	80	88
58070	7	66	76	89
58430	7	59	78	91
58500	7	61	80	93
58700	7	48	61	78
59610	7	65	74	83
59710	7	63	76	88
59800	7	83	89	93
60500	7	66	78	91
60990	7	74	83	89
61170	7	69	79	90
61770	7	52	70	89
62480	7	82	87	91
63420	7	60	70	79
63710	7	54	69	88
63910	7	50	67	80
64550	7	66	82	92
65110	7	63	78	90
65370	7	67	78	89
65940	7	85	91	95
66180	7	67	79	91
66730	7	59	80	93
66830	7	59	76	92
68340	7	60	76	87
69070	7	64	84	97
69100	7	64	76	86
69330	7	57	81	91
69760	7	65	78	89
70150	7	67	86	97
70340	7	63	81	93
70850	7	54	72	87
71550	7	73	85	93
71850	7	88	93	96
71990	7	79	87	91
72100	7	61	80	91
73490	7	57	73	85
73500	7	53	72	85
73620	7	57	73	85
75550	7	77	85	91
75600	7	74	87	95
76450	7	79	88	93
77055	7	81	88	95
77290	7	57	73	86
77420	7	63	84	95
77750	7	54	71	86
77950	7	70	86	96
79400	7	64	79	90
80100	7	75	85	91
80610	7	80	87	92
80620	7	62	75	87
80700	7	67	80	91
80950	7	83	90	94
81150	7	55	68	80
81250	7	57	66	79
81450	7	66	82	93
81680	7	48	68	87
82060	7	66	79	87
82290	7	70	83	92
82650	7	57	72	82
82800	7	64	76	88
83550	7	67	82	94
84170	7	61	76	87
84800	7	55	68	81
85380	7	71	82	89
85910	7	81	89	95
86500	7	69	81	90
86520	7	77	92	98
86760	7	66	79	88
87110	7	74	82	89
87350	7	72	83	94
87790	7	67	78	87
88000	7	64	78	90
88690	7	78	85	90
88900	7	66	78	87
89350	7	56	70	85
89800	7	58	72	84
89950	7	67	83	95
90450	7	58	73	87
90490	7	73	85	93
90800	7	77	86	92
90900	7	79	88	92
91300	7	66	81	92
91330	7	60	69	82
91370	7	57	69	84
91750	7	63	75	85
91760	7	67	79	90
92350	7	75	84	92
92700	7	78	87	92
93140	7	62	73	81
93300	7	56	70	83
93400	7	53	63	74
93710	7	53	66	82
93900	7	56	70	80
94260	7	54	69	81
94500	7	84	89	93
94700	7	80	86	90
95350	7	53	64	78
96400	7	86	91	95
96800	7	65	76	89
97250	7	59	72	85
97350	7	59	72	85
98400	7	82	90	95
98550	7	84	91	95
99370	7	59	72	84
99530	7	55	68	81
99710	7	90	95	97
99720	7	90	95	97
99760	7	73	81	89
99840	7	68	77	85
99910	7	80	87	95
99950	7	87	92	95
00700	8	51	71	88
01130	8	51	71	89
02540	8	51	70	94
02840	8	55	74	93
02950	8	52	73	93
04440	8	53	73	90
04780	8	48	66	85
04870	8	47	65	85
04930	8	46	55	72
04940	8	54	73	92
05650	8	44	58	78
06040	8	53	71	90
07010	8	49	72	98
08130	8	53	71	94
08710	8	50	68	87
10400	8	60	75	89
11500	8	47	63	82
12550	8	58	71	85
12680	8	52	72	91
13420	8	62	80	93
13670	8	54	72	97
14600	8	48	63	86
15540	8	55	70	87
15720	8	53	68	85
16610	8	60	75	89
16740	8	54	72	87
17150	8	56	75	91
17290	8	57	73	87
17850	8	49	61	77
18700	8	52	65	83
18960	8	61	75	92
19400	8	52	68	84
19480	8	51	68	87
19710	8	51	70	88
21680	8	54	75	92
23160	8	53	69	86
23420	8	38	59	84
23500	8	49	68	88
24880	8	43	65	97
24960	8	50	71	87
25590	8	48	66	91
25840	8	65	84	93
26890	8	57	74	87
27240	8	51	65	79
27410	8	57	74	87
27450	8	62	77	92
27470	8	47	63	80
27500	8	70	79	87
28370	8	43	64	89
28800	8	50	73	96
29770	8	57	69	81
29790	8	50	61	75
31620	8	65	82	98
32100	8	47	68	92
32930	8	55	74	93
34080	8	69	82	89
34120	8	66	78	90
35860	8	63	76	86
36200	8	78	87	94
36560	8	49	69	88
37230	8	58	75	96
37530	8	55	75	94
38140	8	62	76	89
39040	8	56	72	89
39100	8	69	80	89
39690	8	47	64	86
40480	8	74	85	93
41110	8	62	73	86
41660	8	62	79	91
41670	8	57	76	94
41770	8	73	81	87
42160	8	73	81	88
42550	8	79	89	95
42920	8	57	72	89
43340	8	69	79	87
43500	8	61	77	91
44080	8	76	84	90
44560	8	71	81	90
44600	8	61	73	84
44640	8	64	73	84
45880	8	74	86	98
45900	8	69	83	94
46030	8	74	87	93
46080	8	70	80	86
46200	8	62	83	95
46510	8	62	77	87
46570	8	63	82	92
46610	8	65	84	97
46910	8	61	78	96
47200	8	66	76	85
47210	8	68	78	88
47300	8	75	83	91
48330	8	77	84	90
48390	8	66	81	91
49580	8	58	72	87
50130	8	66	76	87
50300	8	70	87	97
50460	8	65	76	89
50500	8	68	81	93
50540	8	63	78	93
50560	8	66	80	91
51590	8	58	75	92
51670	8	62	79	94
52290	8	69	90	99
52530	8	79	88	95
52860	8	68	79	89
53100	8	71	82	91
54130	8	54	74	93
55160	8	66	85	96
55290	8	68	84	93
55370	8	63	79	90
55400	8	62	86	97
55430	8	52	76	94
55500	8	66	78	89
55780	8	59	67	78
55840	8	70	89	99
57180	8	58	75	87
57420	8	57	77	98
57750	8	77	86	92
57770	8	78	87	91
57890	8	70	81	90
58070	8	66	77	87
58430	8	69	84	95
58500	8	67	85	96
58660	8	65	80	93
58700	8	61	71	85
59100	8	80	87	90
59610	8	63	72	83
59710	8	62	81	92
59800	8	77	85	91
60500	8	66	79	92
60990	8	70	80	87
61170	8	72	84	93
61770	8	55	71	90
62480	8	76	85	90
63420	8	58	71	83
63710	8	58	72	88
63910	8	53	68	79
64550	8	63	82	93
65110	8	64	80	91
65300	8	80	86	90
65370	8	70	81	90
65940	8	81	89	94
66180	8	69	85	96
66730	8	60	80	95
66830	8	66	82	95
68340	8	63	78	89
69070	8	70	84	96
69100	8	64	77	89
69330	8	60	81	93
69760	8	66	81	91
70150	8	68	86	97
70340	8	70	88	97
70850	8	61	73	87
71000	8	64	77	89
71550	8	68	83	92
71850	8	83	90	95
71990	8	72	82	89
72100	8	63	83	93
73490	8	60	77	88
73500	8	57	74	88
73620	8	61	76	90
75410	8	74	82	89
75550	8	76	83	90
75600	8	72	84	94
76450	8	74	85	92
77051	8	79	85	92
77190	8	63	74	86
77290	8	62	79	93
77420	8	67	82	94
77750	8	60	75	91
77950	8	68	82	96
79400	8	64	80	90
80100	8	68	81	89
80610	8	77	86	92
80620	8	64	79	89
80630	8	66	78	87
80700	8	68	83	91
80950	8	80	88	94
81150	8	60	74	86
81250	8	59	73	88
81450	8	69	83	94
81680	8	52	69	91
82060	8	66	78	86
82290	8	69	82	92
82650	8	56	72	86
82800	8	66	79	90
83550	8	70	85	95
84170	8	60	73	88
84800	8	58	70	83
85380	8	71	82	89
85910	8	77	85	92
86500	8	69	81	90
86520	8	69	86	98
86760	8	65	78	88
87110	8	73	81	88
87350	8	72	84	93
87790	8	67	79	89
88000	8	66	81	94
88690	8	77	85	90
88900	8	64	76	87
89350	8	59	75	90
89800	8	63	76	88
89950	8	72	87	96
90450	8	61	79	93
90490	8	76	87	96
90800	8	73	84	90
90900	8	76	85	91
91300	8	69	83	96
91330	8	62	73	87
91360	8	59	74	89
91370	8	59	73	87
91750	8	66	78	87
91760	8	70	85	94
92350	8	74	84	92
92700	8	74	84	91
93140	8	65	74	82
93300	8	62	77	86
93400	8	57	71	83
93710	8	61	75	88
93900	8	62	75	88
94260	8	58	71	82
94500	8	82	88	93
94700	8	78	84	88
95350	8	57	69	82
96400	8	82	89	94
96800	8	70	84	92
97250	8	63	80	91
97350	8	64	80	91
98400	8	79	88	93
98550	8	81	89	94
99370	8	59	72	86
99530	8	61	72	84
99710	8	89	95	97
99720	8	90	96	97
99760	8	74	85	91
99840	8	69	78	84
99910	8	77	85	93
99950	8	85	92	95
00700	9	61	76	90
01130	9	61	78	91
02540	9	65	83	94
02840	9	63	81	96
02950	9	64	81	97
04440	9	67	86	97
04780	9	62	76	91
04870	9	51	71	88
04930	9	53	69	82
04940	9	66	84	96
05650	9	57	77	88
06040	9	61	77	92
07010	9	66	86	99
08130	9	63	77	95
08710	9	55	72	87
10400	9	65	77	90
11500	9	55	72	88
12550	9	68	82	92
12680	9	64	85	96
13420	9	74	89	97
13670	9	65	83	98
14600	9	57	71	89
15540	9	60	73	90
15720	9	61	71	86
16610	9	67	80	91
16740	9	64	76	90
17150	9	65	82	96
17290	9	60	76	89
17850	9	52	70	86
18700	9	63	77	88
18960	9	62	78	93
19400	9	59	73	90
19480	9	64	81	94
19710	9	64	84	95
21680	9	67	85	97
23160	9	66	80	92
23420	9	52	71	90
23500	9	58	74	91
24880	9	58	77	99
24960	9	57	74	93
25590	9	61	78	92
25840	9	75	87	95
26890	9	65	79	92
27240	9	60	75	86
27410	9	59	74	87
27450	9	66	82	95
27470	9	58	75	90
27500	9	72	81	88
28370	9	58	78	94
28800	9	66	84	98
29770	9	60	72	84
29790	9	57	72	85
31620	9	78	92	98
32100	9	54	78	95
32920	9	64	82	95
32930	9	60	77	94
34080	9	66	81	89
34120	9	62	76	89
35860	9	69	80	88
36200	9	78	88	94
36560	9	66	82	92
37230	9	70	84	97
38140	9	70	84	92
39040	9	67	82	93
39100	9	74	85	92
39690	9	59	74	88
40480	9	77	88	94
41110	9	72	83	94
41660	9	72	87	95
41670	9	71	87	96
41770	9	74	82	89
42160	9	74	81	90
42550	9	81	89	93
42920	9	66	76	89
43340	9	63	74	85
43500	9	65	77	91
44080	9	71	80	88
44560	9	69	80	89
44600	9	60	71	82
44640	9	68	76	86
45880	9	74	88	96
45900	9	71	85	94
46020	9	71	82	90
46030	9	75	87	94
46080	9	76	84	90
46200	9	68	88	97
46510	9	69	79	89
46570	9	70	87	94
46610	9	68	84	97
46910	9	63	79	94
47200	9	63	75	86
47210	9	68	79	88
47300	9	71	80	88
48330	9	73	83	88
48390	9	67	82	91
49580	9	59	73	88
50130	9	63	75	88
50300	9	67	82	95
50460	9	67	79	90
50500	9	66	81	92
50540	9	63	79	93
50560	9	67	81	91
51590	9	63	77	92
51670	9	65	77	93
52290	9	76	94	99
52530	9	79	87	94
52860	9	67	80	89
53100	9	71	81	90
54130	9	55	76	93
55160	9	75	88	97
55290	9	77	88	94
55370	9	68	83	92
55400	9	71	90	98
55430	9	64	85	97
55500	9	71	84	93
55780	9	64	75	84
55840	9	80	95	99
57180	9	66	79	87
57420	9	65	84	99
57750	9	74	83	91
57770	9	74	83	90
57890	9	74	84	92
58070	9	69	84	93
58430	9	71	86	95
58500	9	77	92	98
58700	9	58	74	87
59100	9	76	83	88
59610	9	64	76	85
59710	9	66	82	93
59800	9	73	82	89
60500	9	64	79	92
60990	9	68	77	87
61170	9	74	86	94
61770	9	60	76	91
62480	9	74	82	88
63420	9	56	73	86
63710	9	58	70	84
63910	9	55	65	77
64550	9	66	84	93
65110	9	64	81	92
65300	9	79	86	89
65370	9	71	82	90
65940	9	77	85	93
66180	9	78	91	99
66730	9	63	80	94
66830	9	72	87	97
68340	9	62	76	87
69070	9	73	87	97
69100	9	63	77	89
69330	9	66	83	93
69760	9	71	83	93
70150	9	70	85	97
70340	9	78	92	99
70850	9	64	79	91
71000	9	71	85	94
71550	9	67	81	92
71850	9	79	87	93
71990	9	64	75	85
72100	9	66	85	95
73490	9	71	82	90
73500	9	65	79	90
73620	9	67	80	94
75410	9	71	78	86
75550	9	70	78	87
75600	9	67	79	93
76450	9	71	82	90
77051	9	77	85	90
77290	9	71	88	96
77420	9	72	86	94
77750	9	66	78	94
77950	9	76	87	96
79400	9	72	84	92
80100	9	67	77	86
80610	9	71	80	88
80620	9	68	82	91
80630	9	64	77	85
80700	9	67	82	91
80950	9	73	84	91
81150	9	63	78	88
81250	9	61	79	91
81450	9	73	84	96
81680	9	56	72	90
82060	9	67	79	90
82290	9	66	77	90
82650	9	61	78	89
82800	9	72	85	94
83550	9	74	86	96
84170	9	60	73	86
84800	9	60	71	84
85380	9	71	79	87
85910	9	70	80	89
86500	9	69	79	90
86520	9	75	92	97
86760	9	66	78	86
87110	9	72	81	88
87350	9	71	84	94
87790	9	71	81	90
88000	9	68	84	95
88690	9	74	82	88
88900	9	65	79	89
89350	9	65	80	93
89800	9	66	79	92
89950	9	77	90	97
90450	9	62	79	95
90490	9	78	87	95
90800	9	68	80	88
90900	9	70	80	88
91300	9	70	87	98
91330	9	65	75	91
91370	9	63	74	92
91750	9	67	79	90
91760	9	72	88	95
92350	9	73	83	91
92700	9	73	81	88
93140	9	68	76	84
93300	9	71	82	90
93400	9	61	76	89
93570	9	71	82	89
93580	9	71	83	92
93710	9	67	80	91
93900	9	73	86	94
94260	9	66	77	86
94500	9	80	86	91
94700	9	74	82	88
95350	9	62	74	87
96400	9	76	85	91
96800	9	80	89	96
97250	9	75	88	96
97350	9	77	88	96
98400	9	76	85	91
98550	9	79	86	92
99370	9	69	78	88
99530	9	71	82	90
99710	9	86	92	96
99720	9	84	93	96
99760	9	76	85	93
99840	9	69	75	84
99910	9	74	82	91
99950	9	79	88	93
00700	10	70	82	90
01130	10	73	87	93
02540	10	77	91	96
02840	10	77	91	96
02950	10	77	90	97
04440	10	78	93	98
04780	10	69	86	95
04870	10	64	83	92
04940	10	77	92	98
05650	10	68	85	95
06040	10	72	86	94
07010	10	80	95	99
08130	10	75	88	95
08710	10	65	81	90
10400	10	75	84	91
11500	10	65	82	92
12550	10	68	82	93
12680	10	73	88	97
13420	10	81	92	98
13670	10	70	85	98
14600	10	64	79	90
15540	10	66	79	94
15720	10	67	79	90
16610	10	76	85	91
16740	10	72	82	90
17150	10	74	89	97
17290	10	66	83	93
17850	10	67	83	92
18700	10	69	83	91
18960	10	72	94	100
19400	10	68	83	94
19480	10	72	88	96
19710	10	68	88	99
21680	10	75	92	97
23160	10	72	87	97
23420	10	62	81	91
23500	10	67	83	93
24880	10	70	91	99
24960	10	66	83	95
25590	10	66	79	92
25840	10	75	89	97
26890	10	79	91	98
27240	10	68	81	90
27410	10	67	81	92
27450	10	76	90	97
27470	10	66	83	93
27500	10	72	85	91
28370	10	64	83	94
28800	10	73	90	98
29770	10	67	77	87
29790	10	66	78	92
31620	10	84	94	99
32100	10	67	86	96
32920	10	73	88	97
32930	10	71	87	97
34080	10	71	84	91
34120	10	70	84	94
35860	10	69	84	91
36200	10	79	90	95
36560	10	70	85	93
37230	10	74	89	98
38140	10	76	89	95
39040	10	71	88	94
39100	10	74	87	94
39690	10	66	82	92
40480	10	79	89	94
41110	10	74	89	98
41660	10	78	90	95
41670	10	79	93	98
41770	10	76	87	92
42160	10	75	85	92
42550	10	87	92	96
42920	10	74	84	93
43340	10	68	80	91
43500	10	69	81	90
44080	10	73	83	89
44560	10	75	86	92
44600	10	64	76	84
44640	10	73	81	90
45880	10	81	94	98
45900	10	70	83	92
46020	10	66	78	87
46030	10	70	81	90
46080	10	75	84	90
46200	10	69	90	97
46510	10	71	83	91
46570	10	67	84	93
46610	10	80	94	98
46910	10	67	86	96
47200	10	68	80	88
47210	10	69	81	90
47300	10	72	84	91
48330	10	73	84	90
48390	10	66	81	90
49580	10	61	77	90
50130	10	64	80	88
50300	10	73	88	96
50460	10	68	81	92
50500	10	71	86	93
50540	10	72	88	95
50560	10	65	81	90
51590	10	73	86	93
51670	10	66	82	94
52290	10	90	98	99
52530	10	80	90	94
52860	10	71	82	91
53100	10	65	81	91
54130	10	57	78	94
55160	10	82	93	97
55290	10	81	91	95
55370	10	70	85	95
55400	10	81	93	97
55430	10	76	93	99
55500	10	73	86	94
55780	10	62	73	84
55840	10	91	99	99
57180	10	64	79	88
57420	10	78	94	99
57750	10	71	82	90
57770	10	74	84	90
57890	10	70	81	91
58070	10	80	93	99
58430	10	66	83	93
58500	10	71	88	97
58700	10	48	69	87
59100	10	72	82	88
59610	10	66	78	88
59710	10	62	79	91
59800	10	70	80	89
60500	10	52	76	91
60990	10	66	77	85
61170	10	62	76	88
61770	10	69	81	93
62480	10	71	81	88
63420	10	50	67	85
63710	10	56	67	80
63910	10	61	70	77
64550	10	74	87	94
65110	10	70	84	93
65300	10	77	84	88
65370	10	72	83	90
65940	10	77	85	91
66180	10	85	97	99
66730	10	69	84	95
66830	10	72	85	95
68340	10	67	78	88
69070	10	71	84	93
69100	10	67	81	90
69330	10	70	84	92
69760	10	72	85	94
70150	10	78	91	99
70340	10	85	95	99
70850	10	76	88	95
71000	10	76	89	96
71550	10	70	83	92
71850	10	78	87	93
71990	10	65	73	82
72100	10	83	92	97
73490	10	74	84	91
73500	10	77	86	94
73620	10	75	88	94
75410	10	73	80	88
75550	10	68	77	87
75600	10	70	83	93
76450	10	71	82	91
77290	10	75	91	96
77420	10	81	91	96
77750	10	73	85	96
77950	10	77	89	96
79400	10	69	82	91
80100	10	67	78	87
80610	10	68	78	86
80620	10	64	78	89
80700	10	64	76	88
80950	10	68	79	89
81150	10	61	76	86
81250	10	62	74	86
81450	10	75	84	94
81680	10	59	76	92
82060	10	67	79	91
82290	10	66	78	88
82650	10	58	75	87
82800	10	67	82	92
83550	10	72	87	96
84170	10	61	71	83
84800	10	55	68	82
85380	10	70	80	87
85910	10	69	79	89
86500	10	67	79	89
86520	10	73	92	98
86760	10	67	80	88
87110	10	66	78	86
87350	10	74	86	95
87790	10	66	79	89
88000	10	73	88	96
88690	10	69	78	85
88900	10	66	80	89
89350	10	70	87	95
89800	10	69	80	89
89950	10	81	91	97
90450	10	62	79	94
90490	10	75	86	95
90800	10	65	76	85
90900	10	69	80	90
91300	10	71	87	98
91330	10	63	73	85
91370	10	63	74	89
91750	10	65	76	88
91760	10	71	88	96
92350	10	72	81	89
92700	10	70	80	89
93140	10	70	79	87
93300	10	81	87	92
93400	10	67	77	87
93570	10	78	85	90
93580	10	79	88	93
93710	10	78	88	92
93900	10	85	92	96
94260	10	63	74	84
94500	10	82	88	92
94700	10	75	82	88
95350	10	65	76	87
96400	10	78	86	91
96800	10	82	92	97
97250	10	85	94	98
97350	10	87	94	97
98400	10	77	86	91
98550	10	79	88	93
99370	10	77	87	95
99530	10	77	86	92
99710	10	77	87	94
99720	10	79	88	94
99760	10	70	82	90
99840	10	66	73	80
99910	10	65	73	82
99950	10	74	84	91
00700	11	79	86	90
01130	11	82	90	94
02540	11	86	94	96
02840	11	83	92	97
02950	11	86	95	97
04440	11	86	95	99
04780	11	82	91	96
04870	11	72	86	92
04940	11	87	95	98
05650	11	82	92	97
06040	11	84	90	95
07010	11	91	96	98
08130	11	85	91	94
08710	11	72	83	91
10400	11	81	88	92
11500	11	74	87	96
12550	11	74	85	93
12680	11	81	90	96
13160	11	85	93	98
13420	11	87	93	97
13670	11	81	90	98
14600	11	74	85	92
15540	11	76	89	98
15720	11	73	81	89
16610	11	80	87	93
16740	11	78	87	92
17150	11	82	93	98
17290	11	68	84	93
17850	11	74	87	93
18700	11	76	84	91
18960	11	76	94	99
19400	11	79	90	97
19480	11	78	89	97
19710	11	78	92	98
21680	11	85	92	97
23160	11	82	89	97
23420	11	75	84	90
23500	11	77	86	94
24880	11	83	93	98
24960	11	74	88	95
25590	11	77	86	94
25840	11	78	87	94
26890	11	82	91	97
27240	11	70	82	89
27410	11	66	81	91
27450	11	79	92	98
27470	11	67	81	91
27500	11	78	86	91
28370	11	77	88	95
28800	11	84	93	98
29770	11	75	83	89
29790	11	78	88	95
31620	11	91	95	99
32100	11	77	91	96
32920	11	85	93	97
32930	11	75	88	96
33960	11	67	79	88
34080	11	74	85	92
34120	11	73	86	94
35860	11	73	85	92
36200	11	80	91	95
36560	11	78	88	94
37230	11	82	93	98
38140	11	78	91	95
39040	11	75	87	95
39100	11	77	89	95
39690	11	70	82	93
40480	11	81	90	93
41110	11	75	90	98
41660	11	77	88	94
41670	11	84	95	98
41770	11	80	88	93
42160	11	75	84	92
42550	11	85	91	95
42920	11	77	87	93
43340	11	69	81	89
43500	11	69	81	91
44080	11	74	83	89
44560	11	74	85	91
44600	11	60	71	82
44640	11	69	79	88
45880	11	75	87	96
45900	11	71	82	91
46020	11	65	78	87
46030	11	72	85	94
46080	11	78	86	90
46200	11	80	92	98
46510	11	76	85	93
46570	11	69	82	92
46610	11	83	94	98
46910	11	70	86	96
47200	11	65	78	86
47210	11	69	81	89
47300	11	72	82	90
48330	11	76	85	92
48390	11	68	81	91
49580	11	61	75	88
50130	11	64	77	88
50300	11	72	84	95
50460	11	70	83	92
50500	11	68	81	93
50540	11	71	85	94
50560	11	69	82	91
51590	11	78	89	94
51670	11	75	87	96
52290	11	89	97	99
52530	11	81	90	95
52860	11	67	80	89
53100	11	70	82	92
54130	11	62	82	94
55160	11	89	95	98
55290	11	83	90	95
55370	11	78	89	96
55400	11	89	95	98
55430	11	81	93	98
55500	11	74	84	93
55780	11	62	71	83
55840	11	93	99	99
57180	11	72	82	88
57420	11	73	91	98
57750	11	71	83	92
57770	11	72	82	89
57890	11	71	84	92
58070	11	79	93	98
58430	11	71	86	96
58500	11	78	92	99
58700	11	47	72	91
59100	11	74	84	90
59610	11	63	77	87
59710	11	69	86	95
59800	11	70	79	88
60500	11	50	65	80
60990	11	61	71	82
61170	11	60	73	89
61770	11	74	86	92
62480	11	69	78	87
63420	11	46	60	74
63710	11	59	70	84
63910	11	66	72	77
64550	11	71	85	94
65110	11	67	79	90
65300	11	77	84	88
65370	11	75	84	91
65940	11	76	85	92
66180	11	87	95	99
66730	11	72	83	92
66830	11	77	88	96
68340	11	66	75	85
69070	11	72	86	96
69100	11	66	78	90
69330	11	70	85	94
69760	11	76	89	95
70150	11	79	89	99
70340	11	84	94	99
70850	11	78	89	96
71000	11	77	86	96
71550	11	69	81	91
71850	11	77	85	92
71990	11	65	73	82
72100	11	85	94	97
73490	11	79	86	93
73500	11	80	87	96
73620	11	79	90	95
75410	11	73	80	88
75550	11	67	75	86
75600	11	69	81	92
76450	11	68	81	91
77290	11	83	91	95
77420	11	84	92	96
77750	11	78	91	97
77950	11	75	86	96
79400	11	75	86	93
80100	11	64	76	86
80610	11	65	75	86
80620	11	60	73	85
80630	11	62	73	83
80700	11	57	70	83
80950	11	68	80	90
81150	11	65	78	89
81250	11	65	75	90
81450	11	73	84	91
81680	11	60	74	89
82060	11	70	81	90
82290	11	64	74	86
82650	11	66	80	90
82800	11	69	83	91
83550	11	71	86	96
84170	11	56	66	78
84800	11	57	66	77
85380	11	68	79	88
85910	11	65	76	89
86500	11	66	79	90
86520	11	75	91	98
86760	11	64	76	87
87110	11	67	78	88
87350	11	71	84	95
87790	11	70	81	89
88000	11	72	88	94
88690	11	68	77	85
88900	11	73	85	91
89350	11	78	90	95
89800	11	70	81	91
89950	11	82	91	97
90450	11	62	79	95
90490	11	73	85	95
90800	11	63	73	85
90900	11	71	80	89
91300	11	77	94	98
91330	11	67	77	89
91370	11	61	71	83
91750	11	69	79	87
91760	11	74	89	95
92350	11	69	76	85
92700	11	69	78	86
93140	11	70	77	86
93300	11	86	89	92
93400	11	69	76	84
93560	11	82	86	89
93570	11	82	86	90
93580	11	82	86	90
93710	11	84	88	91
93900	11	88	93	95
94260	11	66	73	84
94500	11	84	90	93
94700	11	77	84	88
95350	11	70	76	85
96400	11	81	86	90
96800	11	88	94	97
97250	11	91	95	98
97350	11	90	93	97
98400	11	77	85	90
98550	11	80	88	94
99370	11	83	89	94
99530	11	84	89	92
99710	11	82	90	94
99720	11	84	91	95
99760	11	74	83	90
99840	11	69	75	82
99910	11	67	75	85
99950	11	75	84	91
00700	12	79	85	90
01130	12	85	91	95
02540	12	89	94	96
02840	12	83	91	96
02950	12	87	93	96
03190	12	83	91	95
04440	12	88	96	99
04780	12	84	92	95
04870	12	79	89	93
04940	12	89	95	97
05650	12	86	92	96
06040	12	82	89	94
07010	12	89	93	98
08130	12	84	89	92
08710	12	74	85	91
10400	12	82	87	90
11500	12	76	90	97
12550	12	77	87	94
12680	12	83	90	96
13160	12	82	92	97
13420	12	85	93	96
13670	12	77	89	98
14600	12	83	90	95
15540	12	80	93	99
15720	12	72	81	91
16610	12	80	87	92
16740	12	83	89	92
17150	12	87	96	98
17290	12	72	88	96
17850	12	80	90	95
18700	12	77	86	91
18960	12	70	88	100
19400	12	83	93	98
19480	12	79	90	96
19710	12	76	94	99
21680	12	86	94	96
23160	12	83	90	96
23420	12	77	83	88
23500	12	83	90	94
24880	12	88	94	97
24960	12	75	89	95
25590	12	75	85	93
25840	12	83	90	95
26890	12	84	93	98
27240	12	73	84	91
27410	12	70	86	93
27450	12	81	92	98
27470	12	68	81	91
27500	12	81	89	92
28370	12	77	87	94
28800	12	87	94	97
29770	12	77	84	91
29790	12	80	88	93
31620	12	89	96	98
32100	12	81	93	95
32920	12	87	93	96
32930	12	75	88	95
33960	12	67	80	87
34080	12	80	91	96
34120	12	70	86	94
35860	12	73	86	93
36200	12	81	91	96
36560	12	82	89	94
37230	12	85	96	99
37530	12	83	92	96
38140	12	80	91	95
39040	12	80	90	95
39100	12	80	89	95
39690	12	72	86	93
40480	12	82	89	92
41110	12	76	90	98
41660	12	82	91	95
41670	12	88	96	98
41770	12	77	88	93
42160	12	76	85	92
42550	12	85	91	96
42920	12	82	90	94
43340	12	72	85	92
43500	12	71	86	93
44080	12	77	86	91
44560	12	79	88	93
44600	12	63	76	85
44640	12	70	81	89
45880	12	76	90	97
45900	12	71	85	92
46020	12	59	73	84
46030	12	74	86	94
46080	12	81	86	91
46200	12	82	96	99
46510	12	72	85	93
46570	12	71	86	93
46610	12	86	94	97
46910	12	78	91	98
47200	12	71	84	89
47210	12	73	84	91
47300	12	75	86	92
48330	12	79	87	93
48390	12	72	87	92
49580	12	62	80	92
50130	12	66	80	89
50300	12	76	90	95
50460	12	77	87	94
50500	12	72	87	94
50540	12	76	90	96
50560	12	65	81	89
51590	12	85	90	94
51670	12	79	89	95
52290	12	92	98	99
52530	12	84	92	96
52860	12	70	82	90
53100	12	71	85	94
54130	12	64	84	95
55160	12	90	95	98
55290	12	83	91	94
55370	12	79	89	97
55400	12	90	94	97
55430	12	86	95	98
55780	12	63	74	87
55840	12	98	99	99
57180	12	70	85	89
57420	12	83	95	98
57750	12	71	84	92
57770	12	76	87	92
57890	12	68	82	92
58070	12	85	96	99
58430	12	76	90	97
58500	12	84	98	99
58700	12	49	72	92
59100	12	74	85	91
59610	12	69	81	91
59710	12	73	89	95
59800	12	73	82	90
60500	12	47	69	89
60990	12	65	75	85
61170	12	61	75	89
61770	12	78	87	91
62480	12	72	82	88
63420	12	52	65	81
63710	12	63	74	87
63910	12	64	71	76
64550	12	82	92	95
65110	12	70	82	92
65300	12	77	85	90
65370	12	72	83	91
65940	12	76	85	91
66180	12	91	96	99
66730	12	76	84	93
66830	12	82	89	95
68340	12	69	79	87
69070	12	73	83	95
69100	12	70	84	90
69330	12	74	88	94
69760	12	73	87	94
70150	12	81	94	99
70340	12	88	95	99
70850	12	83	93	97
71000	12	83	92	96
71550	12	72	86	93
71850	12	80	90	96
71990	12	65	76	87
72100	12	87	94	97
73490	12	77	85	92
73500	12	82	88	94
73620	12	80	88	93
75410	12	74	82	90
75550	12	70	80	89
75600	12	70	86	95
76450	12	72	86	94
77290	12	78	87	92
77420	12	88	95	96
77750	12	78	89	96
77950	12	74	84	92
79400	12	74	86	93
80100	12	66	78	89
80610	12	65	77	89
80620	12	62	76	87
80630	12	64	76	86
80700	12	58	72	85
80950	12	72	83	93
81150	12	63	77	87
81250	12	64	78	90
81450	12	70	81	89
81680	12	58	77	89
82060	12	66	78	88
82290	12	65	78	90
82650	12	65	79	89
82800	12	69	81	90
83550	12	70	84	95
84170	12	55	65	79
84800	12	56	65	80
85380	12	70	79	89
85910	12	67	81	91
86500	12	67	78	90
86520	12	71	89	98
86760	12	67	78	87
87110	12	66	77	86
87350	12	71	85	96
87790	12	69	79	88
88000	12	76	89	94
88690	12	69	76	86
88900	12	68	81	90
89350	12	78	88	93
89800	12	69	79	90
89950	12	82	90	96
90450	12	63	81	95
90490	12	74	86	96
90800	12	63	72	83
90900	12	74	83	92
91300	12	77	91	98
91330	12	64	77	87
91370	12	63	70	81
91750	12	68	76	86
91760	12	74	88	95
92350	12	69	76	85
92700	12	67	76	86
93140	12	69	76	84
93300	12	83	87	90
93400	12	67	74	80
93560	12	79	82	86
93570	12	79	84	88
93710	12	81	85	89
93900	12	86	89	94
94260	12	63	72	83
94500	12	87	92	95
94700	12	78	83	87
95350	12	69	76	83
96400	12	80	86	91
96800	12	86	92	96
97250	12	89	94	97
97350	12	88	91	95
98400	12	77	85	90
98550	12	79	88	93
99370	12	81	86	91
99530	12	81	86	90
99710	12	81	89	95
99720	12	82	88	94
99760	12	71	81	88
99840	12	66	73	81
99910	12	63	73	82
99950	12	73	84	92
