     60    290    420    700    600
    100   6550    290   6490   7250
    180    100
    250    600    700
    290   7250     60    420   7570
    420    600    700     60    290
    600    700    420    730   7660
    610    600    700    770    810
    700    600    730    420     60
    730    700    600    770    900
    770   7900    900   7830    730
    810    770  10300  10740  10600
   1080   1230   1130   3150   1400
   1130   1230   1400   1080   1650
   1220   1080   3190   3200
   1230   1400   1130   1080   1650
   1400   1230   1130   1650   1080
   1650   1400   1950   1230   3500
   1950   3500   1650   3450   3930
   2540   2610   4070   3930   4040
   2610   2170   3930   4050   3500
   2910   2950   5650   4940   4850
   2950   2910   5650   4940   4850
   3030   3190   3150  17000   3200
   3150  17150  17500   3450   1230
   3190   3200   3150   3030  17150
   3200   3190   3150   3030  17150
   3280   3450   3500   1950   3810
   3450   3500   3930  17500   3780
   3500   1950   3450   3930   1650
   3780   4050  17500   3450   3930
   3810   3780   3450   3930  17500
   3930   3450   4050   3780   3500
   4040   4070   3930   3780   3810
   4070   4260  18160   4850  18450
   4100   4260  18269  18420  18450
   4260  18450   4440  18700  18160
   4440  18500   4740   4260  18450
   4740   4730   4780   4440  11080
   4780   4740   4730  11080  11120
   5350  11050  11080  11120   5650
   5650   2910   2950   5350  11050
   5670   5650   2910   5350   2950
   5800   6040   6440   6490   6620
   6440   6490   6040   5800   6550
   6490   6440   6040   6550   6620
   6550   6620   7250   7010   6490
   6620   6550   7010   6490   7250
   7010   7250   7570   6550   6620
   7250   7010   6550    290   7570
   7570   8130   7250   7010   7660
   7660   7830   8130   7570    600
   7830   7900   7660   8450    770
   7910   9580   8450
   8140   7570   7660   7010  12680
   8450  13420   7830  13310   7660
   8720  13450  21860  14050  13640
   8770  10100  63530  63580  61770
   8970   9100   9110   8770   8720
   9100   9870  16610  16270  16240
   9110   9100   8770   8970   8720
   9580   7910
   9870  66850   9100  16610  16270
  10100  10400  10600  10740   8770
  10300    810  10400  10380  10600
  10380  10400  10300
  10400  10600  10100  10740   8770
  10600  10400  10740  10100   8770
  10700  10900  10100
  10740  10600  10400  10100   8770
  10900    900    770    730   7900
  11050  11080   4940  11120   4730
  11120  11080   4780  11050   4740
  11240  11350  11120  11080  20520
  11480  11500  12520  11620  12200
  11620  12520  12200  11500  11480
  11710  11350  11610  12520  11240
  11900  12600  11610  12520  12310
  12200  12310  12520  12250  11610
  12250  12200  12310  12520  11350
  12290  12550  12600
  12520  12310  12200  11610  12600
  12600  11900  11610  12520  12310
  12680  11900  12520  11620  11500
  12800  21680
  12960   8130  13310   7010   7570
  13050  13100  21770  21680  11900
  13100  13050  13640  13670  13450
  13140  13510  12680
  13160  16610
  13310  13420   8450  12960   8130
  13420  13310   8450   7660   7830
  13450  14050   8720  13640  13670
  13510  13140
  13640  13670  14050  13100  13450
  13670  13640  14050  13100  13450
  13700  16240  14710  16270  14690
  14050  13640  13670  13450  21860
  14550  14580  14690  14710  16740
  14580  14550  14710  14690  16240
  14600  14610  14610  14050  15480
  14610  14580  14600  14050  15480
  14711  14550
  15430  15090  15660  15480  15720
  15480  15090  15660  15430  14690
  15630  54810  54811
  15660  15480  15720  15090  15430
  15730  15430  61770
  16240  16270  14580  14710  14690
  16270  16240  14580  14550  14710
  16610  16740  16790  14550  16270
  16740  16790  16610  14550  16850
  16790  16740  16850  16610  14550
  17000   3030   1080   3190   3150
  17150   3150  17500   3780   3450
  17250  19850  27070  27300  27770
  17500   3780   3450  17150   3150
  17741  17870  19850  17780  17980
  17780  17980  18160  18020  19480
  17870  17741   3780  17780  17980
  17980  18160  18020  18210  17780
  18020   2610  18030  17980  18210
  18030  18020  18420   4100  18450
  18160  18700  19400  18450  18960
  18210  18420  18020  18700  18701
  18269   4100   4260  18420  18210
  18270  18450  18030  18920   4440
  18320  18641  18815  18980  19400
  18420  18450  18210  18700  18701
  18450  18700  18960   4260  18160
  18500  19100  18960  18450   4440
  18641  18815  18320  18980  19400
  18700  18450  18960  19400  18160
  18701  20250  18420  18210  18020
  18815  18641  18980  19400  18320
  18920  18270   4780
  18980  18815  19400  18641  18320
  19100  18500  18960  19200  18700
  19400  19490  19480  18700  18160
  19460  19540  18500  19930  20520
  19480  19490  19710  19400  18700
  19540  19460  18500  19930  20520
  19610  19480  18980  18700  18701
  19710  18020  18160  18420  18030
  19850  27070  17250  27300  27920
  19930  19460  19540  26240  24600
  20250  24100  19200  19100  18500
  20520  19200  11240  20250   4440
  21360  21680  21770  22610  22730
  21680  21770  21360  11900  22840
  21770  22950  23160  23420  22840
  21860  22950  23160  23420  22840
  22150  24210  24650   4440  26220
  22610  22730  21360  24770  11710
  22790  22610  21360  24800  24770
  22810  22790
  22840  22950  23160  23420  22730
  22951  23650
  23160  22950  23420  22840  21770
  23390  25260  29600
  23410  23390  23560  13670  25260
  23420  23160  22950  22840  21770
  23560  13700
  23650  23420  22951
  23720  23850  13700  55160  15430
  23800  23720  54500  23500
  24100  20250  19200  24210  19100
  24210  24100  20250  24770  19200
  24600  26240  26380  28800  28920
  24650  26220  24210  24770  24800
  24770  24210  22730  22610  24880
  24800  24770  24880  24650  22790
  24880  29600  24770  22730  22840
  25090  25100  23160  22840
  25100  25240  25320  54600  54500
  25260  25640  29790  29600  23390
  25290  29310
  25320  25240  25590  25640  25100
  25540  53950
  25590  25640  25240  25320  25100
  25640  25590  25240  25320  25100
  25830  55701
  26050  26670  26820  26999  27070
  26220  24650  24210  24100  24770
  26240  28800  24600  28920  26160
  26380  24600  29230  28920  26240
  26670  28370  30220  30370  26160
  26820  26050  26670  26890  27045
  26999  26050  19850  27070  17741
  27045  19480  18980  19400  18815
  27070  19850  27300  27920  17250
  27140  27240  27300  17250  27270
  27240  27270  27140  27450  17250
  27270  27240  27450  27300  27140
  27300  27770  27070  27920  27800
  27500  27720  27600  30000  27770
  27564  27720  27580  27470  27450
  27580  27720  27564  27470  27450
  27600  27720  30000  27800  27770
  27720  27600  30000  27800  27770
  27770  27300  27800  27600  27720
  27800  27600  27720  30000  27770
  27850  27800  27564  27720  30000
  28380  28700  26220  19850  30420
  28700  28380  28900  24650  19710
  28800  26240  26160  24600  28920
  28900  28920  28700
  28920  30860  26240  26380  28800
  29280  24600  26240
  29310  29350  29230  31080  29790
  29350  29310  31080  29230  29790
  29600  24880  24770  22730  22840
  29720  29790  25590  25640  31080
  29790  29350  29310  29230  31080
  30000  27720  27600  27800  30260
  30100  30420  27770  32780  27564
  30220  30370  26670  28370  30530
  30241  30245  34090  30000  30248
  30245  30241  34090  30000  30248
  30248  34090  30261  30260  30245
  30260  30320  27800  30000  34400
  30261  30302  30310  30320  30248
  30301  30241  30320  30310  30260
  30302  30301  30320  30310  30260
  30310  30320  30301  30302  30260
  30320  30260  27800  30000  34400
  30380  30220  34900
  30420  30100  32780  32060  27770
  30510  30650  30530  26670  26050
  30530  30570  32200  30370  30810
  30570  30530  32200  30810  30370
  30650  30530  30510  26670  26050
  30860  30810  28920  31900  28800
  31080  29350  29310  29230  28920
  31410  31900  30860  31080  30810
  31411  31410
  31501  33890
  31570  31620  31600  33250  32350
  31600  31620  31570  33250  31660
  31620  31570  31600  33250  32350
  31660  31600  31620  31570  33250
  31661  31600  31620  31570
  31850  32320  32301
  31852  30570  32301  32240  32060
  31900  30810  31410  30860  32310
  32060  32240  30570  32780  30420
  32200  30530  30570  32310  34900
  32240  32060  30570  31852  32301
  32301  32320  32840  31850  32850
  32320  32301  31850
  32350  32900  33250  31570  31620
  32780  34600  34790  34900  32200
  32840  32850  32301  31852  32240
  32850  37450  32900  37500  32350
  32900  32850  32350  37500  37450
  32920  33250  37570
  33250  31570  33560  31620  31600
  33440  31900
  33890  40880
  34090  30248  30245  30241  30261
  34130  34190  34400  34090  30241
  34190  34130  34400  35090  35345
  34400  30260  30320  30000  27800
  34600  32780  34790  34900  37230
  34800  37230  35200  37040
  34900  34790  34600  32200  32310
  35090  35340  35200  35590  35860
  35190  35090  34400  35340  34600
  35200  35090  35590  35340  35860
  35340  35860  35090  35590  35200
  35345  34090  35860  35090  35951
  35581  37040  36560  36710  37090
  35860  35340  35090  35590  36490
  35951  35860  35340  35345  36051
  36051  38130  36300  36200  38130
  36060  39040  39100
  36120  36300  36060  36490  36200
  36200  34400  30260  30320  30000
  36300  36490  38450  38420  36560
  36490  36560  36300  35590  38450
  36560  36490  35590  36300  38450
  36710  36560  35581  37090  39690
  37040  37230  38800  36880  37650
  37090  36710  35581  36560  39840
  37230  37650  36880  34790  37040
  37300  37800  37450  37750  37500
  37500  37450  37800  37750  32900
  37570  32920  33250
  37650  36880  37230  38800  37040
  37750  37800  36970  37500  37300
  37760  37820  37750  37650  37230
  37820  37760  37750  37300  37650
  38130  38140  36200  36300  38170
  38170  38140  38320  38130  39040
  38320  38421  38170  39260  38140
  38380  39550  41370  41200  39220
  38421  38320  38450  36300  36120
  38450  38420  36300  36560  36490
  38600  38800  39690  37040  36880
  38800  36880  38600  37650  37040
  39040  39100  36060
  39100  39040  36060
  39150  39040  39100  39900  39950
  39220  41200  41180  41370  41640
  39260  39040  39150  38320  39900
  39351  38380  39590  39690  38600
  39590  39690  39351  38800  39220
  39690  38600  38800  36880  37650
  39840  36970  40200  37750  40270
  39900  39950  39150  39040  39100
  39950  39900  39100  39150  41010
  40200  40270  39840  40420  36970
  40271  37750  37300
  40420  40270  40200  40900  33560
  40880  33890
  41010  39950  39900  41740  41175
  41175  41640  39900  41740  39950
  41200  41180  41370  41640  39220
  41370  41200  41180  39550  41640
  41480  41450  41550  42520  42810
  41550  41480  41450  42520  42950
  41640  41180  41200  41370  39220
  41670  41200  39351  41480  38380
  41740  41825  41820  41640  41770
  41770  41820  41110  42160
  41820  41770  41110  42160
  41825  41820  41740  42010  41770
  41860  41200  42520  41480
  42010  42140  42160  42161  41820
  42140  42160  42161  42010  42650
  42160  41820  41770  41110
  42161  42010  42140  42010  42650
  42250  42650  42720  43500  43450
  42285  42250  42650  41820  41825
  42520  42810  42790  42890  42920
  42550  42950  40420
  42600  40880
  42650  42250  42720  43500  43450
  42720  42650  42250  43500  43450
  42780  42890
  42790  42810  42520  42890  43540
  42810  42790  42520  42890  43540
  42890  42920  42810  42790  42950
  42920  42950  42890  42810  42520
  42950  42920  42890  41550  42520
  43000  37570
  43005  43010  42720  43210  42790
  43010  43005  42720  43450  42790
  43090  43450
  43210  43005  43370  43360  42650
  43360  43450  43500  44160  42720
  43370  43360  43210  43971  43010
  43450  43500  43360  42720  44160
  43540  43810  42790  42810  42890
  43750  43450  43540  44900  43971
  43810  43540  42890  42790  42810
  43971  44081  44160  44170  44340
  44081  43971  44160  44170  44340
  44160  43360  43450  43500  42720
  44170  44160  44340  44081  43971
  44190  44390  43450
  44250  44480  44520  44800  43810
  44300  44390  44550  43971  44640
  44340  44170  44550  44160  44740
  44390  44300  44640  44190  43750
  44480  44520  44960  44800  44900
  44520  44960  44480  44900  44800
  44550  44560  44740  44730  44580
  44560  44800  44760  44900  44520
  44565  44620  44580  44560  44568
  44568  47200  44600  44565  47070
  44580  44620  44565  44560  44550
  44600  45600  44560  44760  44800
  44620  44565  44580  44640  44560
  44640  44620  44740  44550  44390
  44730  44740  44550  44560  44340
  44740  44730  44550  44560  44640
  44760  44900  44800  44960  44520
  44800  44900  44520  44760  44960
  44900  44960  44800  44520  44760
  45010  44760  44900  44730  45490
  45350  45200
  45490  45600  45580  45010  45880
  45580  45600  45490  45850  45880
  45600  44760  44600  44900  44800
  45780  45880  45850  45490  46150
  45850  45880  45580  44600  45780
  45880  45600  45850  45780  45580
  46040  46300
  46150  46050  46850  46300  46400
  46300  46400  46460  46450  46050
  46380  46381
  46381  46380
  46390  46391
  46391  46390
  46400  46300  46460  46450  47750
  46450  46460  47750  46400  46300
  46510  49460
  46530  46531
  46531  46530
  46610  47600  47500  48500  50150
  46700  46300  47820
  46845  46910  47491  47090  47500
  46850  46150  47890  46050  47820
  46910  47090  47020  47450  47390
  47050  47070  47250  47270  44600
  47065  47410  47270  47260  47090
  47070  47050  47250  47240  47270
  47090  46910  47450  47020  47390
  47240  47250  47270  47260  47070
  47250  47240  47270  47070  47260
  47260  47270  47240  47250  47410
  47270  47250  47240  47260  47070
  47300  40420  40900  40200  40270
  47410  47065  47430  47260  47270
  47430  47410  47450  47065  47090
  47450  48050  48090  47090  46910
  47491  47501  47500  46845  46910
  47500  47600  46610  48500  50150
  47501  47500  47491  46845  47890
  47600  47500  46610  48500  50150
  47610  40420
  47750  47820  46450  46460  47890
  47820  47750  47890  46460  46450
  47890  47820  47750  46850  46150
  48050  48090  47450  48250  48330
  48060  48050  48120  48330  48090
  48090  48050  48250  47450  48450
  48100  48090  48120  47450  48050
  48120  48090  48060  48050  48100
  48250  48330  48090  48050  48450
  48330  48250  48050  48090  47450
  48450  48090  48250  47450  48050
  48500  50150  47500  47600  46610
  48510  48500  50150  47890  48450
  48780  49351  49220  49040  50120
  49040  50105  50120  48780  50050
  49070  50351  51470
  49220  49351  48780  49040  48500
  49351  49220  48780  49040  49540
  49460  46510
  49540  50050  49935  49901  49870
  49550  49580  50050  49630  49750
  49580  49630  49550  49750  50050
  49750  49630  49580  49550  50050
  49870  49901  49935  49540  50050
  49901  49935  49870  49540  50050
  49935  49901  49540  50050  49870
  50050  49550  49580  49630  49750
  50080  50350  50130  51470  51250
  50105  49040  50120  50050  50240
  50120  49040  50105  50230  50250
  50150  48500  47500  47600  46610
  50170  48250  50180  50380  48450
  50180  50380  50170  48250  50510
  50230  50250  50240  50120  50380
  50240  50250  50230  50120  50105
  50250  50300
  50300  50250
  50351  50300  51470  49070
  50380  50450  50480  50490  50230
  50450  50540  50130  50350  52400
  50480  50230  50500  50450  50540
  50490  50480  50500  50450  50540
  50510  50500  50480  50490  50520
  50520  50500  52460  50480  50490
  50540  50450  52400  52440  50350
  50960  52410  52450  52460  50540
  51090  50960  50240  50250  52400
  51130  53180
  51250  51400  52110  51470  52170
  51400  52170  52110  51470  51250
  51470  51400  51250  52170  52110
  51800  53730
  52110  52170  51400  52220  51250
  52170  52110  52220  51400  51250
  52220  52170  52110  51400  51470
  52290  52640  52600  52860  56280
  52400  52440  52750  50540  51250
  52410  52450  52400  50960  52440
  52440  52400  52750  50540  50450
  52450  52410  52460  50960  52440
  52460  50540  50520  52450  50480
  52477  52478  52440  52500  52450
  52478  52477  52500  52440  52530
  52500  52440  52478  52410  52477
  52530  52535  52550  52478  52500
  52535  52530  52550  52478  52500
  52550  52535  52530  52750  52500
  52580  52750  52640  52550  52500
  52600  52640  52290  52860  56280
  52640  52600  52290  52860  56280
  52750  52400  52440  56400  51250
  52820  52750  52860  56390  56400
  52860  52640  56520  52600  56560
  52930  52600  51400
  52970  52990  56270  56011  56010
  52990  56010  53080  53070  56800
  53055  56011  53101  55910  55930
  53070  53080  52990  56010  55730
  53101  55910  55930  53055  53070
  53130  53700  54130  54500  54600
  53160  53180  52220  52170  51400
  53180  53160  52220  52170  51470
  53690  53700  53130  54130  54120
  53700  53130  54130  54500  49630
  53730  51800  53160
  53950  25540
  54120  53690  54760  53700  53690
  54130  53130  54500  53700  54600
  54320  55730
  54420  54810  54811
  54500  54600  54130  53130  25100
  54600  54500  54130  25100  53130
  54760  54780  54120  54130  55170
  54780  54760  55170  54120  54130
  54810  54420
  54811  54810  54420
  55170  54780  54760  55710  54120
  55270  54810  54811
  55290  25830
  55430  55670  58480  55160  58320
  55550  55670  55160  55430  57390
  55670  55430  55550  58480  57390
  55700  54500  53180
  55701  54420
  55710  53130  53101  54120  55840
  55730  55840  55390  56960  53080
  55840  55730  56960  55390  53080
  55910  52990  53101  53055  53070
  55930  55910  53101  53055  52990
  56010  52990  56800  56960  56320
  56011  56020  55930  56270  52990
  56020  56010  56011  52990  56270
  56270  56011  56010  56020  52970
  56280  56560  56520  52860  57110
  56310  56320  52860  56410  56270
  56320  56800  56650  56010  52990
  56390  56400  52820  56480  56430
  56400  52750  52440  52400  57770
  56410  56520  56310  56320  56560
  56420  56430  56480  56410  56650
  56430  56420  56480  56410  56650
  56480  56420  56430  56390  57770
  56520  56560  56280  52860  57110
  56560  56520  56280  52860  57110
  56645  56650  56520  56780  56420
  56650  57610  56800  57680  56320
  56780  56805  56560  56270  56650
  56805  56780  57420  56560  56650
  56850  57480  57395  57390  57990
  56960  55840  56010  55730  56800
  57000  56280  56960
  57390  58120  58320  58480  57480
  57395  58120  57480  57990
  57420  56805  56780  57680  56011
  57480  57390  58120  58070  58320
  57550  57680  56780  56645  56650
  57660  57990  57940  57810  57850
  57680  57610  56650  56800  56960
  57710  57725  57770  57680  57805
  57725  57710  57770  57805  57810
  57770  56400  52750  52440  52400
  57780  57850  57420  58100  56805
  57805  57680  59210  57940  57725
  57810  57850  57940  57660  57990
  57850  57940  57810  59610  58780
  57940  57850  57810  58780  57660
  57990  57660  57940  58780  57850
  58070  58880  58320  58400  58120
  58100  58070  58780  57940  58950
  58120  57390  58320  58480  57480
  58320  58480  58120  58400  57390
  58400  58880  58320  58480  58070
  58480  58320  58120  58400  57390
  58780  57940  57850  59670  57990
  58880  58400  58320  58070  58480
  58900  58120  57390  57395  57990
  58950  58400  59900  58780  59660
  58960  59900  58780  59710  59670
  59110  59450  59610  57850  59800
  59210  59250  59400  57810  57805
  59250  59210  59400  57810  57805
  59400  59250  59610  59210  59750
  59450  59800  59200  59560  60970
  59590  59595  60870  60951  60985
  59595  59590  59750  59800  59610
  59610  57850  59670  57940  58780
  59660  59670  59680  58780  59900
  59670  59710  59900  59610  58780
  59680  59670  59660  59750  59610
  59750  59610  59595  59800  59590
  59800  59450  59560  59200  60990
  59900  59710  59670  58960  58780
  60010  60890  60940  60800  60805
  60210  60400  60710  60800  60500
  60300  60500  60400  60620  60210
  60400  60500  60620  60210  60710
  60500  60400  60620  60300  60710
  60620  60500  60400  60710  61350
  60700  60800  60805  60400  60010
  60710  60620  60210  60400  60800
  60800  60210  60710  61170  60400
  60805  60890  60700  60010  60890
  60870  60951  60985  60940  60890
  60890  60970  61040  60990  59560
  60940  60890  60870  60951  60985
  60951  60985  60870  60990  60940
  60970  60890  60990  59560  61040
  60985  60951  60990  60870  60940
  60990  60970  61040  60890  59560
  61040  60990  60970  60890  59560
  61045  61040  62360  60890  60940
  61180  62270  62285  61350  62510
  61350  61820  61170  60620  61850
  61550  61770  63530  63580   8770
  61770  61550  63530  63580   8770
  61820  63100  61850  64550  63420
  61850  61820  63100  61350  63420
  61870  61820  63100  64580  64460
  62160  62900  62700  64460
  62270  62285  62600  61180  62900
  62285  62270  62600  62900  61180
  62360  61045  62470  62510  61040
  62470  62480  62360  62510  61045
  62480  61040  60990  60890  60970
  62510  62600  62360  62470  62270
  62600  62285  62270  62900  62510
  62700  62900  62160  64460
  62890  62900  62700  62960  64150
  62900  62700  62160  64460
  62960  62890  62900  64150  64245
  63100  63420  61820  64580  64550
  63250  66580
  63420  63100  64700  64580  64550
  63530  63580  61770  61550   8770
  63580  63530  61770  61550   8770
  63583  63705
  63705  63580  63583  67450
  63750  63580  63530   8770  10100
  63910  16610  16270
  64150  64300  64320  64245  64330
  64245  62900  64320  64300  64150
  64300  64320  64330  64245  64150
  64320  64300  64245  64150  65130
  64330  64245  64300  64150  65130
  64460  62160  62900  62700
  64550  64580  63100  61820  63420
  64580  64550  63100  63420  64700
  64620  64550  63100  64890  64330
  64760  64800  64580  64460  65050
  64800  64900  65100  65220  65270
  64850  66730
  64890  66190  66070  64620  67050
  64900  64800  65100  65270  66210
  65050  65130  64460  65145  64330
  65100  65220  65270  64900  64800
  65110  65100  65220  65270  64900
  65130  65050  65145  64330  64245
  65145  65130  65050  65230  65100
  65150  65450  65600  65940  71550
  65200  65230  65110  65100  65980
  65230  65200  65100  65110  65145
  65270  66210  65220  65100  66100
  65450  65600  71550  65150  65940
  65600  65450  65940  65150  71550
  65650  65450  65600  65900  71540
  65900  65600  65650  65940  65450
  65940  65600  65450  71550  71850
  65980  66030  66035  66160  65450
  66030  66100  66070  65110  66190
  66035  66030  71340  65980  71330
  66070  66100  66190  66210  65110
  66100  66070  66210  66190  65270
  66160  66180  65980  67150  66030
  66180  66160  65980  67150  67240
  66190  65110  66210  66070  66100
  66210  66190  65270  66070  66100
  66250  67150  68000  65450  71550
  66580  66730  67450  67240  67540
  66620  64900  66210
  66730  67450  66580  67240  67540
  66850   9870   9100  16610  16740
  67050  66190  68000  68270  68230
  67150  68000  66250  71550  65450
  67240  67200  67540  68270  67450
  67450  67540  66730  67240  67200
  67540  67240  67450  67200  68270
  67770  68420  68450  68340  68330
  68000  67150  66250  71550  65450
  68130  68230  68000  68270
  68230  68130  68860  68000  67050
  68270  67200  67240  67540  68330
  68330  68340  69230  68420  69100
  68340  68330  69230  68420  69100
  68420  68450  68840  67770  69410
  68840  68450  68420  67770  69410
  68860  68270  68230  68000  68270
  69100  69230  69660  69550  68330
  69150  69100  69230  67150  71200
  69230  69550  69100  68330  68340
  69370  70340  68330  68340
  69420  67450
  69470  69410  69550  69230  69960
  69550  69230  69100  69470  69960
  69960  70480  69550  69230  69470
  70150  70480  71200  70820  69230
  70340  69370  69470
  70480  70500  69960  70850  69470
  70500  70480  70850  69960  69470
  70670  71000  70990  71200  70820
  70820  71900  71850  67150  68000
  70850  70500  70480  72650  72250
  70930  72250  70480
  70990  71000  70670  70820  71200
  71000  70990  70670  70820  71200
  71100  71150  71810
  71150  71810  71750  71280  71370
  71200  70670  71000  70150  70990
  71280  71370  71350  71750  71150
  71330  71340  71580  66035  66030
  71340  66035  66030  71330  71540
  71370  71350  71280  71750  71150
  71530  65980  71540  71580  71340
  71540  71530  71550  71580  71340
  71550  65450  68000  65600  67150
  71580  71550  71530  71540  71330
  71750  71810  71150  71280  71370
  71810  71150  71750  71280  71370
  71850  71900  71550  65940  65600
  71900  71850  70820  71550  68000
  72060  72100
  72100  72250  72650  70480  69960
  72250  72100  72650  70850  70480
  72580  72650  75020  72800  70820
  72650  72250  72100  70850  70480
  72800  72650  72580  75100  72250
  73250  73500  73800  74510  74800
  73500  73250  73800  74510  74800
  73800  73500  74800  74510  73250
  74320  70930
  74530     17
  74800  74510  77420  73800  77850
  75020  75150  75270  75100  75600
  75100  75150  75600  75270  76100
  75220  75270  75410  75020  75100
  75270  75150  75600  75100  75550
  75410  75220  75270  71990  75020
  75550  75600  75270  75150  76250
  75600  76250  75100  76100  75270
  76100  76250  75600  75100  75150
  76250  76100  75600  75100  75550
  76330  76250  76380  76450  76100
  76380  76250  76100  76330  75600
  76450  76530  76330  76750  76250
  76530  76750  76450  78250  77180
  76750  76530  78250  77180  76450
  76900  65940
  77180  78250  76530  76750  78350
  77230  77270  78180  78250  77290
  77270  78610  77750  78850  77420
  77290  77230
  77510  77550  78800  78610
  77550  77510
  77850  77750  77420  78770  74800
  78180  78250  77230  80200  77270
  78250  78350
  78350  78250
  78370  79480  78350  78250  79670
  78610  78850  78770  77270  77750
  78770  78850  78610  77750  77850
  78800  78610  78850  77510
  78850  78770  78610  79480  77750
  79480  79710  78850  78610  78770
  79600  79640  79670  79480  78350
  79640  79740  78100
  79670  79640  79600  79480  78370
  79710  79480  78850  78770  78610
  79740  79640  78100
  79780  79710
  80101  80340  78250  78350  80610
  80200  78180  79640
  80340  80101  80610
  80620  80630  80700  80740  80850
  80630  80620  80700  80740  80850
  80740  80700  80620  80630  80850
  80850  81080  80700  80740  80620
  81080  81250  81680  81770  81730
  81250  81080  81680  81770  81730
  81360  79780
  81370  81080  82090  82160  82260
  81680  81730  81770  81250  81080
  81730  81770  81680  81250  81080
  81770  81730  81680  81250  81080
  81900  81680
  81930  81940  81950
  81940  81950  81930
  81950  81940  81930
  82090  82630  82650  81370  82160
  82160  82650  82260  82310  82290
  82260  82290  82310  82300  82160
  82290  82560  80950  83300  83550
  82300  82290  82260  82310  82160
  82310  82260  82290  82300  82160
  82530  82160  82650  82840  82310
  82630  82090  82650  82160  82840
  82840  82650  82630  82530  82090
  83300  83550  85380  82560  82290
  83500  83520  83880  84070
  83520  83500  83880  84070
  83550  83300  85380  82560  82290
  83880  84070  83520  83500
  84070  83880  83520  83500
  84190  84450  84800  84960  87940
  84450  84800  84190  84960  87940
  84700  84710  84960  84190  87860
  84710  84700  84960  87860  84190
  84960  84450  84800  87940  84190
  84970  84960  87750  84070  85000
  85000  87320  85180  85200  87750
  85180  85200
  85200  85180
  85380  83300  83550  82560  82290
  85410  85440  85450  85470  85380
  85440  85410  85450  85470  85380
  85450  85440  85470  85380  85410
  85470  85450  85440  85380  85410
  85540  86140  85660  85470
  85560  85540  86140  85660  85470
  85660  85540  85560  85850  86140
  85850  85890  85891  85660
  85890  85850
  85891  85890  85850
  86140  85560  85540  85470  85440
  86500  86470  86950  86850  87110
  86600  86500  85410  86850  86780
  86780  86600  85410  86850  85440
  86850  86950  86500  86470  87110
  86950  86850  86500  86470  87110
  87110  88460  86950  86500  86470
  87320  85000  85180  86500  85200
  87350  84960  87940  84800  84450
  87750  84970  84960  87350  85000
  87860  87940  84960  84710  84700
  87940  84800  84960  88100  84450
  88100  89500  87940  84800  84450
  88200  88340  89110  88660  88460
  88340  88200  88460  88660  89110
  88460  87110  86950  86470  86500
  88660  88690  89110  90450  90490
  88690  88660  90490  90450  89110
  89110  90450  88690  90490  88660
  89350  89500  89800  90080  90200
  89500  89350  88100  87940  89800
  89650  84450
  89950  89110  90450  90490  88690
  90080  90200  89350  89800  91370
  90200  90080  89800  89350  91370
  90400  90490  90500  91270  91110
  90450  90490  88690  89110  88660
  90490  90450  88690  89110  88660
  90491     67
  90500  90490  90400  91270  91110
  90650  90900  91110  92700  92350
  90800  90490  90450  88690  88660
  91110  90650  90900  92350  92700
  91270  90400  90500  90490  91110
  91370  91520  90200  91930  90080
  91400  91370  91600  91110  90200
  91600  91930  91400  91370  91760
  91700  96310  96310  96400  98090
  91740  91760  92350  91600  92190
  91760  91740  91600  92350  92190
  91930  91520  91370  90200  89800
  92120  92130
  92130  92120
  92190  92350  92910  91760  91740
  92350  92700  93140  91110  90900
  92750  92910
  92910  92350  92190  93160  93140
  93140  94130  92350  94180  92700
  93160  93140  92910  94130
  93300  93500  97580  97320  95270
  93500  93300  97580  95270  97320
  93700      5
  93900  97320  93300  97580  97690
  94130  94180  93140  95610  94500
  94180  94130  95610  93140  94500
  94240  94130  94180
  94280  94240  94130  94180
  94281  93500
  94500  94180  94130  94700  95610
  94501  94500
  94680  94700  94800  95900
  94700  95900  96220  96400  96000
  94800  94680  95900  94900  94700
  95350  95270  93500  97150  97110
  95610  94180  96000  95900  96220
  95900  96220  96000  94700  95610
  95950  96220  95900  95610  96970
  96220  95900  96000  94700  95610
  96310  96400  91700  96600  98090
  96400  98060  96220  94700  95900
  96600  91700  96310  96400  98090
  96800  96930  96970  98850  98650
  96931  96970  96800
  96970  96930  96800  97110  97150
  97110  97150  97250  95270  96970
  97150  97110  97250  95270  97690
  97250  97690  97150  97320  97110
  97320  97580  97250  97690  93500
  97580  97320  93500  93300  95270
  98090  91700  96600  98350  96400
  98350  98400  98090
  98400  98060  96400  96220  95900
  98550  98650  98850  99690  99370
  98580  98550  98650
  98650  98550  98850  99690  99370
  98790  98850  98650  99330
  98850  98650  99330  99370  96930
  99330  99370  99500  99450  98850
  99370  99690  99330  99450  99500
  99450  99500  99370  99690  99330
  99500  99450  99330  99370  99690
  99700  99710
  99710  99700
  99720  99735
  99735  99760
  99754  99760
  99760  99840
  99790  99800  99840
  99800  99790  99840
  99840  99800  99790  99760
  99841  99840
  99910  99800  99790
  99921  99927
  99927  99921
  99940  99950
  99950  99940
