    180    100
    700   8850
   1130   3410  17150  27450  17850
   2540   2610   4070   3930   4040
   3150   3410  27450  17850   1130
   3190   3200   3150   3030  17150
   4780   4930   5650   2900   6040
   5650   4930   6040   4780
   7010   6040   4780   5650
   8140   7570   7660   7010  12680
   9110   9100   8770   8970   8720
   9580   7910
  10380  10400  10300
  10400   9600
  11500  12550  12090  21240  12640
  12550  12090  21240  12640
  12680  11900  12520  11620  11500
  13160  16610
  13510  13140
  13670  63300  63500  65370
  14600  14610  14610  14050  15480
  14610  14580  14600  14050  15480
  15730  15430  61770
  16610  63300  63500  13670  65370
  17000   3030   1080   3190   3150
  17150  27450   3410  17850  26890
  18700  19480  17850  26890
  18950  19710   4870  27470
  19400  19480  18700  17850  26890
  19460  19540  18500  19930  20520
  19480  19400  18700  26890  17850
  19540  19460  18500  19930  20520
  22810  22790
  23160  24960  54730  29770
  23410  23390  23560  13670  25260
  23500  24960  54730  25590
  23650  23420  22951
  24650  26220  24210  24770  24800
  24800  24770  24880  24650  22790
  24960  29770  23500  25590
  25090  25100  23160  22840
  25290  29310
  25590  29770  25730  24960  54730
  25830  55701
  26220  24650  24210  24100  24770
  26820  26050  26670  26890  27045
  26890  19480  19400  17850  18700
  27045  19480  18980  19400  18815
  27240  27270  27140  27450  17250
  27450   3150  17850  26890   3410
  27470  19710  18950   4870
  27500  17290  34120  35860
  27850  27800  27564  27720  30000
  28380  28700  26220  19850  30420
  28700  28380  28900  24650  19710
  28800  26480  28360  32100
  28900  28920  28700
  29280  24600  26240
  29720  29790  25590  25640  31080
  30100  30420  27770  32780  27564
  30241  30245  34090  30000  30248
  30245  30241  34090  30000  30248
  30248  34090  30261  30260  30245
  30261  30302  30310  30320  30248
  30301  30241  30320  30310  30260
  30302  30301  30320  30310  30260
  30420  30100  32780  32060  27770
  30510  30650  30530  26670  26050
  30650  30530  30510  26670  26050
  31411  31410
  31501  33890
  31661  31600  31620  31570
  31852  30570  32301  32240  32060
  32060  32240  30570  32780  30420
  32240  32060  30570  31852  32301
  32301  32320  32840  31850  32850
  32840  32850  32301  31852  32240
  32920  33250  37570
  33440  31900
  33890  40880
  34090  30248  30245  30241  30261
  34130  34190  34400  34090  30241
  34190  34130  34400  35090  35345
  35190  35090  34400  35340  34600
  35345  34090  35860  35090  35951
  35581  37040  36560  36710  37090
  35860  36200  34120  39100  27500
  35951  35860  35340  35345  36051
  36051  38130  36300  36200  38130
  36120  36300  36060  36490  36200
  36200  35860  39100  34120  27500
  36560  37230  39690  34500
  36710  36560  35581  37090  39690
  37230  36560  39690  40140
  37760  37820  37750  37650  37230
  37820  37760  37750  37300  37650
  38140  39170  36560  39690
  38170  38140  38320  38130  39040
  38320  38421  38170  39260  38140
  39040  38140  41660  39690
  39100  35860  34120  27500
  39351  38380  39590  39690  38600
  39590  39690  39351  38800  39220
  39690  40140  39040  41660
  39900  39950  39150  39040  39100
  39950  39900  39100  39150  41010
  40880  33890
  41175  41640  39900  41740  39950
  41670  41200  39351  41480  38380
  41740  41825  41820  41640  41770
  41770  42160  43500  43340  44080
  41825  41820  41740  42010  41770
  42010  42140  42160  42161  41820
  42140  42160  42161  42010  42650
  42160  43500  41110  43340  44080
  42161  42010  42140  42010  42650
  42285  42250  42650  41820  41825
  42550  42950  40420
  42600  40880
  43000  37570
  43005  43010  42720  43210  42790
  43010  43005  42720  43450  42790
  43210  43005  43370  43360  42650
  43370  43360  43210  43971  43010
  43750  43450  43540  44900  43971
  43971  44081  44160  44170  44340
  44081  43971  44160  44170  44340
  44170  44160  44340  44081  43971
  44300  44390  44550  43971  44640
  44390  44300  44640  44190  43750
  44550  44560  44740  44730  44580
  44560  46910  46610  50130
  44565  44620  44580  44560  44568
  44568  47200  44600  44565  47070
  44740  44730  44550  44560  44640
  45010  44760  44900  44730  45490
  45490  45600  45580  45010  45880
  45580  45600  45490  45850  45880
  45780  45880  45850  45490  46150
  45850  45880  45580  44600  45780
  45880  45600  45850  45780  45580
  46040  46300
  46380  46381
  46381  46380
  46390  46391
  46391  46390
  46510  49460
  46530  46531
  46531  46530
  46610  45900  50130  49490
  46845  46910  47491  47090  47500
  46910  46610  44560  50130
  47050  47070  47250  47270  44600
  47065  47410  47270  47260  47090
  47070  47050  47250  47240  47270
  47200  44080  48330  43340  43500
  47250  47240  47270  47070  47260
  47260  47270  47240  47250  47410
  47300  48330  44080  43340  43500
  47410  47065  47430  47260  47270
  47430  47410  47450  47065  47090
  47491  47501  47500  46845  46910
  47501  47500  47491  46845  47890
  48060  48050  48120  48330  48090
  48100  48090  48120  47450  48050
  48120  48090  48060  48050  48100
  48330  50540  50560  47300  47200
  48510  48500  50150  47890  48450
  49040  50105  50120  48780  50050
  49220  49351  48780  49040  48500
  49540  50050  49935  49901  49870
  49901  49935  49870  49540  50050
  49935  49901  49540  50050  49870
  50105  49040  50120  50050  50240
  50170  48250  50180  50380  48450
  50180  50380  50170  48250  50510
  50230  50250  50240  50120  50380
  50240  50250  50230  50120  50105
  50300  25840  40900
  50380  50450  50480  50490  50230
  50500  50460  50130  52300  49490
  50510  50500  50480  50490  50520
  50520  50500  52460  50480  50490
  50540  50560  48330  47300  47200
  50960  52410  52450  52460  50540
  51090  50960  50240  50250  52400
  51800  53730
  52410  52450  52400  50960  52440
  52450  52410  52460  50960  52440
  52460  50540  50520  52450  50480
  52477  52478  52440  52500  52450
  52478  52477  52500  52440  52530
  52500  52440  52478  52410  52477
  52530  52535  52550  52478  52500
  52535  52530  52550  52478  52500
  52550  52535  52530  52750  52500
  52580  52750  52640  52550  52500
  52820  52750  52860  56390  56400
  52860  51590  50500  50460
  53055  56011  53101  55910  55930
  53101  55910  55930  53055  53070
  53690  53700  53130  54130  54120
  54120  53690  54760  53700  53690
  54130  55840  55430
  54760  54780  54120  54130  55170
  54810  54420
  54811  54810  54420
  55290  25830
  55430  55840  54130
  55700  54500  53180
  55701  54420
  55710  53130  53101  54120  55840
  55840  55430  55160  54130
  55910  52990  53101  53055  53070
  56020  56010  56011  52990  56270
  56270  56011  56010  56020  52970
  56310  56320  52860  56410  56270
  56390  56400  52820  56480  56430
  56410  56520  56310  56320  56560
  56420  56430  56480  56410  56650
  56430  56420  56480  56410  56650
  56645  56650  56520  56780  56420
  56805  56780  57420  56560  56650
  57000  56280  56960
  57395  58120  57480  57990
  57420  56805  56780  57680  56011
  57550  57680  56780  56645  56650
  57710  57725  57770  57680  57805
  57725  57710  57770  57805  57810
  57805  57680  59210  57940  57725
  58070  59710  59610  60200
  58100  58070  58780  57940  58950
  58900  58120  57390  57395  57990
  58950  58400  59900  58780  59660
  59110  59450  59610  57850  59800
  59210  59250  59400  57810  57805
  59400  59250  59610  59210  59750
  59590  59595  60870  60951  60985
  59595  59590  59750  59800  59610
  59610  58070  60200  61040
  59660  59670  59680  58780  59900
  59680  59670  59660  59750  59610
  59750  59610  59595  59800  59590
  59800  60990  62490  57750
  60010  60890  60940  60800  60805
  60500  60650  58700  55780  53100
  60700  60800  60805  60400  60010
  60805  60890  60700  60010  60890
  60870  60951  60985  60940  60890
  60951  60985  60870  60990  60940
  60985  60951  60990  60870  60940
  60990  59800  59100  64260
  61040  60200  59710  62650
  61045  61040  62360  60890  60940
  61180  62270  62285  61350  62510
  61870  61820  63100  64580  64460
  62270  62285  62600  61180  62900
  62285  62270  62600  62900  61180
  62360  61045  62470  62510  61040
  62470  62480  62360  62510  61045
  62510  62600  62360  62470  62270
  62600  62285  62270  62900  62510
  62890  62900  62700  62960  64150
  62960  62890  62900  64150  64245
  63583  63705
  63705  63580  63583  67450
  63910  16610  16270
  64150  64300  64320  64245  64330
  64245  62900  64320  64300  64150
  64330  64245  64300  64150  65130
  64760  64800  64580  64460  65050
  64890  66190  66070  64620  67050
  65050  65130  64460  65145  64330
  65100  69000  69100  68300
  65130  65050  65145  64330  64245
  65145  65130  65050  65230  65100
  65200  65230  65110  65100  65980
  65370  63300  16610  13670
  65650  65450  65600  65900  71540
  65900  65600  65650  65940  65450
  65980  66030  66035  66160  65450
  66035  66030  71340  65980  71330
  66160  66180  65980  67150  66030
  66180  66160  65980  67150  67240
  68130  68230  68000  68270
  68860  68270  68230  68000  68270
  69100  68170  68300  65100
  69150  69100  69230  67150  71200
  69370  70340  68330  68340
  70150  70480  71200  70820  69230
  70340  69370  69470
  70850  70360
  70990  71000  70670  70820  71200
  71000  70990  70670  70820  71200
  71340  66035  66030  71330  71540
  71530  65980  71540  71580  71340
  71540  71530  71550  71580  71340
  71550  65950  69070  71990
  71580  71550  71530  71540  71330
  71990  71550  65950  69070
  72060  72100
  72580  72650  75020  72800  70820
  72800  72650  72580  75100  72250
  75220  75270  75410  75020  75100
  75410  75220  75270  71990  75020
  75600  77950  79400  80700
  76330  76250  76380  76450  76100
  76450  76530  76330  76750  76250
  76530  76750  76450  78250  77180
  76750  76530  78250  77180  76450
  76900  65940
  77230  77270  78180  78250  77290
  77550  77510
  78800  78610  78850  77510
  79600  79640  79670  79480  78350
  80101  80340  78250  78350  80610
  80610  85950  81450  85780  83120
  80620  80630  80700  80740  80850
  80630  80620  80700  80740  80850
  80700  79400  82650  77950  77190
  82260  82290  82310  82300  82160
  82290  80700  79400  77950  77190
  82300  82290  82260  82310  82160
  82650  80700  79400  77950  77190
  84700  84710  84960  84190  87860
  84970  84960  87750  84070  85000
  85380  86260  86760  86520  85780
  85450  85440  85470  85380  85410
  85560  85540  86140  85660  85470
  85850  85890  85891  85660
  85890  85850
  85891  85890  85850
  86600  86500  85410  86850  86780
  86780  86600  85410  86850  85440
  87110  87350  88680  88900  86520
  87350  87420  86520  87110
  88200  88340  89110  88660  88460
  89350  91330
  89950  89800
  90080  91750  84790
  90400  90490  90500  91270  91110
  90450  88680  88900  91190  90800
  90490  88680  88900  91190  90800
  90491     67
  90500  90490  90400  91270  91110
  90800  90490  90450  88680  88900
  91740  91760  92350  91600  92190
  91760  91740  91600  92350  92190
  92120  92130
  92130  92120
  92350  93140  94260  95350
  93140  95350  95430  94260
  93700      5
  94280  94240  94130  94180
  94281  93500
  94500  94900  95350  95430
  94501  94500
  94680  94700  94800  95900
  94700  98400  98550
  94900  95350  94260  93140
  95350  94900  93140  94260
  96310  96400  91700  96600  98090
  96400  94700  98400  98550
  97250  97350
  97350  97250
  98090  91700  96600  98350  96400
  98350  98400  98090
  98400  96400  94700
  98550  96400  94700
  98580  98550  98650
  98790  98850  98650  99330
  99370  99150
  99700  99710
  99710  99700
  99720  99735
  99735  99760
  99754  99760
  99760  99840
  99790  99800  99840
  99800  99790  99840
  99840  99800  99790  99760
  99841  99840
  99910  99800  99790
  99921  99927
  99927  99921
  99940  99950
  99950  99940
